# Task 3:
Task: Implement the Cholesky factorization method for square matrices. Do not include any pivoting in the algorithm. Document the algorithm in your software manual. Test the code on at least 2 or 3 matrices of different sizes. At least one example should involve a matrix that is bigger than 100×100 in size. Use output from the method you created in the previous task.
# Proof

[ChoeskyFactorization](https://thedegreeisalie.github.io/softwareManual/CholeskyFactorization)


	jer@thismachinelaughsatfascists:~/Workspace/math5610/hw5/task5/build$ ./Task5 100
	33.2964 25.3769 21.785 22.3348 27.099 22.9033 23.1848 23.7426 23.9068 22.4731 23.1255 20.9115 22.8556 18.9725 20.719 24.0461 20.4714 21.5518 16.7391 20.8289 21.3746 19.3455 17.1716 18.9985 18.3926 19.9327 18.1448 17.7668 17.2832 15.353 17.9602 16.6152 18.6396 15.3241 17.1836 12.774 18.7795 15.5455 17.3308 14.5072 16.1707 15.8818 13.9816 15.613 13.7915 15.8479 12.495 13.6617 16.2212 13.5058 13.3796 10.9704 13.2997 12.055 11.9453 10.9905 9.87037 9.89199 11.3546 9.96067 10.4077 10.6717 10.9645 10.3036 9.58368 9.95816 7.31495 8.28097 8.03429 7.49691 8.0231 6.99365 7.32492 6.75722 6.72784 7.57369 6.93641 6.44075 6.5997 7.16947 5.81014 6.40085 5.03008 5.3669 5.85139 5.71752 5.06205 4.18904 4.64397 2.82077 3.4872 2.71961 2.99292 2.54719 3.06318 2.19205 1.12371 1.14001 0.540952 0.66249 
	25.3769 35.1286 21.5851 22.3867 25.3221 22.7229 25.8466 22.8884 26.5953 24.2015 22.5709 21.1384 24.6605 19.9119 21.541 25.0211 20.6877 20.8513 17.815 20.5402 22.0016 18.8483 21.358 19.4117 19.4555 19.0693 18.8883 18.3484 19.3717 16.8345 19.2401 15.8277 20.1965 14.8403 17.5315 14.0094 18.2168 14.801 18.3508 16.1349 16.7328 15.4196 14.3308 16.038 14.7734 15.4027 13.3314 14.9612 15.9327 13.201 13.1131 11.5933 12.735 12.4575 10.9028 12.1319 9.9956 10.6428 11.3745 10.329 10.9106 10.1743 10.6481 7.91532 9.60954 8.61843 5.95577 7.29953 7.47549 6.90373 7.74002 8.1495 8.16405 5.63396 5.18356 5.72044 5.01765 5.0788 4.96454 5.44011 5.63969 5.53144 4.65161 3.48871 3.83366 3.9352 3.36627 2.45439 3.19244 2.39834 2.12055 2.32408 1.22378 1.70612 2.26283 1.67879 0.808604 0.685459 0.147939 0.0300512 
	21.785 21.5851 28.1421 19.5674 23.1585 22.6752 25.7102 22.5737 22.8739 21.2456 22.1171 20.0655 21.8526 17.6752 20.7029 23.2641 18.2767 18.7532 16.3899 19.6915 19.4619 17.5875 17.126 16.8169 16.9063 18.2106 17.795 17.3313 16.5732 15.9169 16.0292 15.4407 18.3434 15.1071 17.1388 12.331 18.1885 15.216 16.8106 14.3167 15.062 13.8996 13.7834 14.4099 13.7466 15.0062 12.3846 14.4444 14.5712 12.4179 11.8276 10.2913 11.3494 11.7573 10.3566 10.9336 8.99305 8.78876 11.2434 9.71501 10.0034 8.25166 8.98489 9.10225 8.34556 8.10796 7.06931 6.68706 7.18846 6.96863 7.0918 5.94872 6.39926 5.7696 5.27674 6.70296 5.80514 5.80972 5.43168 5.39695 4.24481 4.7858 4.19219 4.05507 4.93127 4.44174 3.1232 3.33673 3.64698 2.31534 2.70367 1.91828 2.27182 1.70663 2.20661 1.81689 0.745259 1.02461 0.578924 0.414036 
	22.3348 22.3867 19.5674 29.8664 25.341 22.1595 22.3617 22.4841 21.2932 20.7193 19.6186 17.1675 21.0949 17.5039 18.9912 22.6379 18.0004 20.1082 16.0917 20.4311 18.5754 15.8357 18.2971 16.3876 16.4678 19.0667 17.917 15.1901 16.5717 16.5473 14.7275 14.7159 19.5197 16.3678 16.3564 12.5719 17.1341 15.6967 15.7274 13.9793 14.589 13.6713 14.7113 13.3779 14.6404 14.275 14.4337 12.6085 13.5202 12.4853 12.6734 10.7247 11.5413 12.0932 10.5246 10.4731 8.75878 8.51302 9.78182 9.53385 10.7115 8.61937 11.5279 9.55573 9.16275 9.36527 7.68737 7.30091 8.38121 6.65439 7.00673 6.73782 6.89787 5.78428 5.98241 6.02342 5.90847 5.76661 4.71761 4.53195 5.16456 4.30387 4.27359 3.32853 4.56349 3.67248 3.03837 3.16891 3.37616 2.45169 2.70308 2.18838 1.76699 2.26055 2.75652 1.71446 0.489461 1.0108 0.462366 0.0329468 
	27.099 25.3221 23.1585 25.341 35.5145 25.9881 26.9913 26.4538 23.9479 24.0382 23.9262 21.7268 24.6648 20.8031 21.9469 24.0611 20.7737 23.1383 17.3812 22.1175 23.1983 18.8205 18.2968 18.5643 19.6364 21.4575 20.0647 18.4922 17.9379 17.9672 16.9339 17.707 20.7788 16.7595 19.3971 13.7967 19.4023 16.9129 17.5842 15.4573 17.3043 16.9217 15.4693 15.9427 14.8171 17.6333 13.2339 15.2756 16.6886 12.792 13.8583 12.3551 14.4446 13.2786 12.4274 12.3436 10.6394 10.513 12.7907 10.6685 11.2806 10.2988 11.4018 9.93831 10.4701 10.0484 8.06105 8.32438 9.59933 8.24595 8.68213 9.08478 8.78199 7.40543 7.60377 7.37788 6.97668 6.98107 5.53715 6.09733 5.90482 5.61253 4.74564 4.62446 5.38351 5.12833 4.20176 3.55803 3.98307 2.36914 2.78905 2.61705 2.40319 2.87085 3.45341 2.32939 1.20427 1.39456 0.680706 0.582299 
	22.9033 22.7229 22.6752 22.1595 25.9881 30.6534 24.6753 25.0526 23.4816 24.7612 22.8104 20.7325 24.1422 22.0118 22.9601 25.0479 20.7385 19.6321 18.4726 21.9906 19.7643 18.02 19.9671 18.6507 20.5519 20.711 19.4162 18.1022 17.651 17.1433 16.9874 18.1918 21.2129 16.9817 18.9206 15.6485 18.8395 17.6878 18.4389 17.1296 18.2241 15.7608 15.4559 16.993 15.2573 16.2377 14.2347 15.2035 15.5022 14.1184 13.0262 11.8056 13.6992 12.2882 13.2042 14.059 11.5701 10.7483 14.1887 12.1651 12.5714 12.2713 13.1703 11.6052 12.0945 11.8291 8.77623 9.45406 9.94597 9.65566 9.93724 8.43205 8.88705 7.37815 7.55519 8.25202 7.15284 7.15004 6.9272 7.45727 6.53195 7.36408 5.42271 5.92057 6.62627 5.84983 4.97797 4.35909 4.78688 2.87593 3.80129 2.91944 2.59574 2.64089 3.18509 2.47044 1.21643 1.29443 0.561805 0.358075 
	23.1848 25.8466 25.7102 22.3617 26.9913 24.6753 33.8654 26.6368 25.1932 23.3993 24.8209 22.017 24.0034 21.2153 23.6623 25.0933 19.9585 20.4209 18.6108 21.4649 21.8584 18.907 20.2405 19.9087 20.567 19.8588 19.8785 17.8395 18.289 18.3622 17.9662 16.6599 19.4396 14.6179 18.363 14.7842 19.0933 16.8619 17.8554 16.0179 15.8722 15.1288 14.641 16.3905 14.0012 15.9697 12.4718 13.4989 14.7066 12.9316 12.264 10.8646 11.4179 11.3583 10.1699 10.5788 8.69648 9.25158 10.5954 10.4443 9.88843 8.74294 8.96591 8.68129 8.39678 8.10496 6.64342 5.98659 7.25644 7.10172 6.97727 6.37293 7.33563 5.83355 5.85375 5.70839 5.53036 6.30554 5.24293 4.70082 4.99324 4.54009 4.11141 3.29399 4.00111 4.34215 2.73976 2.87483 3.62375 2.9288 2.61854 1.88763 2.03993 1.22065 1.96479 1.46692 0.735726 0.318215 0.160257 0.132363 
	23.7426 22.8884 22.5737 22.4841 26.4538 25.0526 26.6368 33.0929 24.896 22.6735 23.5143 22.3496 24.4761 22.2831 22.3933 24.608 20.8624 20.5769 19.3791 21.7188 21.8338 18.2562 19.7314 19.2957 20.0099 21.1463 19.1345 17.7404 17.5102 17.3987 17.7641 16.7684 20.6263 16.5832 17.9712 13.9732 20.0236 17.7258 18.0139 17.7674 17.5251 16.9421 16.5508 15.5733 16.1405 17.2921 15.1548 15.9082 15.9222 14.3031 14.6381 12.5408 12.763 12.8564 12.8018 12.5402 10.1996 10.0719 12.6725 12.0286 11.4078 9.97061 10.8816 10.8605 11.0886 10.2904 8.78337 8.58917 9.2583 9.04147 8.58391 7.6619 8.34712 7.10688 7.15019 7.53897 6.72671 7.14382 6.55568 6.83236 6.41712 6.37992 5.05701 4.88557 5.6457 5.96857 4.84237 4.22328 4.65463 3.23684 3.4516 2.48502 2.67578 2.1915 2.99591 1.94894 0.961877 0.669499 0.294616 0.279784 
	23.9068 26.5953 22.8739 21.2932 23.9479 23.4816 25.1932 24.896 34.2509 23.0073 24.7579 21.0178 24.7392 21.1169 21.5645 25.8363 20.3154 19.7947 19.3592 21.1663 21.8881 19.8213 19.5257 21.374 19.2806 19.246 18.634 17.6483 18.9829 16.473 18.7629 18.9619 20.1489 14.9502 17.3144 14.2515 19.4931 16.4672 18.4118 16.2753 18.5823 14.4574 14.697 16.4754 15.7931 15.6808 12.5811 15.0369 13.3238 12.8818 12.6763 10.5145 13.0625 12.3607 9.49724 10.4777 10.1484 8.14159 10.5085 9.40817 10.173 9.86305 10.394 8.36404 9.0991 8.70641 5.51702 7.20912 6.95162 6.83419 8.03575 7.1517 6.64827 5.87429 4.70176 5.08811 4.69287 3.95057 4.01512 5.33874 4.11944 4.99024 4.22318 4.00633 3.94613 4.63767 4.42501 2.83345 3.42562 2.20414 2.11541 2.11154 1.98764 1.5601 2.14969 2.03877 1.17788 0.901287 0.246094 0.811488 
	22.4731 24.2015 21.2456 20.7193 24.0382 24.7612 23.3993 22.6735 23.0073 29.772 21.5835 20.413 23.0067 20.2762 21.5575 24.053 19.6762 18.3942 17.3233 21.7147 21.4461 17.5869 19.9833 19.1506 20.0381 19.2277 18.1752 18.0251 16.8062 16.3464 16.9672 16.1119 18.2537 15.6717 16.8962 14.5787 17.4001 15.87 16.976 15.2585 16.6315 15.5434 14.2483 16.4303 14.1504 16.6396 12.3931 14.0231 14.8567 13.423 11.9838 10.6499 12.5214 12.2007 11.8812 11.7747 9.43103 8.97614 12.3683 10.0721 10.6396 10.5415 9.92072 8.74886 10.1595 8.80655 7.30863 7.06393 7.62843 7.01162 7.47458 7.70865 7.25536 5.43149 5.73782 6.81439 5.87286 6.05954 5.6753 6.16491 5.50374 5.66881 3.96645 4.57131 4.75624 4.18689 3.63664 2.97295 3.56189 1.88174 2.78887 2.42626 1.99705 2.56395 3.0185 2.04536 0.994465 1.23152 0.58736 0.245361 
	23.1255 22.5709 22.1171 19.6186 23.9262 22.8104 24.8209 23.5143 24.7579 21.5835 31.7426 22.2749 23.8649 21.3375 21.7908 25.21 18.6541 18.6927 18.3892 20.3285 21.3199 19.2984 17.8317 20.1432 18.9246 21.1109 18.021 18.2736 18.7955 17.4563 18.0689 18.2374 19.9803 16.365 17.3903 13.4517 18.6986 16.6319 18.268 15.4571 16.3388 14.4155 12.3252 15.3357 14.2726 14.953 13.4474 14.143 14.4739 11.9303 13.5576 10.8931 11.7091 11.8588 11.3057 10.3028 9.98173 9.03467 10.5133 9.25466 9.63468 8.82714 10.3478 8.90172 9.73925 9.49011 6.06154 7.78312 7.09272 6.82606 7.1605 6.5568 6.21027 5.43645 4.80228 6.11009 4.79215 4.82997 5.13981 5.31948 3.88596 4.42545 3.70076 3.75808 3.84887 3.73185 3.42027 2.57718 2.85396 1.70481 2.20683 1.77004 1.82167 1.60681 1.77223 1.3571 0.804304 0.827542 0.350229 0.641953 
	20.9115 21.1384 20.0655 17.1675 21.7268 20.7325 22.017 22.3496 21.0178 20.413 22.2749 26.8515 22.9823 18.7622 20.5764 21.9223 18.8939 19.4117 18.5574 20.4527 20.3313 17.0466 18.1435 18.6645 18.8106 19.0301 17.0521 17.7662 17.7276 16.2992 17.6849 16.2267 19.2382 14.3148 17.2246 13.8803 18.1402 15.6881 17.7463 15.4134 15.962 14.6543 12.8683 14.634 13.5398 14.6977 11.9429 14.1082 14.4719 12.6608 13.2556 10.6172 11.4345 11.8266 12.0958 11.818 9.87534 10.0084 11.5602 10.2438 9.79723 9.50688 9.2373 8.67527 10.4303 9.84641 7.34257 8.73903 7.04571 7.25047 7.07849 7.56011 6.65068 5.2981 5.43559 7.43886 5.19747 5.54072 5.86586 6.59328 4.69256 5.60476 4.61549 4.82242 5.035 4.6976 4.39039 3.43421 4.01508 2.28107 3.18464 2.34855 2.24028 2.30449 2.37806 1.78291 0.924641 1.20374 0.493872 0.700208 
	22.8556 24.6605 21.8526 21.0949 24.6648 24.1422 24.0034 24.4761 24.7392 23.0067 23.8649 22.9823 32.321 21.2662 22.1309 24.8469 21.8402 21.5513 19.1828 22.3207 22.2911 19.5367 19.3252 19.8568 19.5889 19.8592 19.8565 18.33 17.7091 17.3691 16.0142 16.1603 20.1593 14.9043 17.6041 13.5584 17.6011 15.3724 16.9729 14.7039 15.0476 13.3282 12.9106 13.7412 13.2766 14.7271 11.9672 12.8944 13.4081 11.0201 13.0132 10.4847 10.3464 10.4813 10.3968 11.2462 9.58097 9.59161 11.5552 9.22492 10.0575 8.84382 10.9167 8.68549 9.03966 9.41374 6.49145 8.08447 7.22897 7.23722 7.46358 7.19244 6.96725 5.44885 5.33554 5.96493 4.547 4.74686 5.05472 5.09516 4.52468 5.25601 4.36571 4.01565 4.83651 4.05617 4.31338 3.20827 3.2487 1.78109 2.31676 2.07505 1.30162 2.01168 2.12168 1.40341 0.457431 1.02675 0.390679 0.138154 
	18.9725 19.9119 17.6752 17.5039 20.8031 22.0118 21.2153 22.2831 21.1169 20.2762 21.3375 18.7622 21.2662 24.2824 20.7096 22.6615 17.0449 17.9695 16.1129 20.468 17.4177 16.2916 16.7658 17.8124 18.5051 17.7842 16.1305 15.5793 16.225 13.6401 15.9443 14.9834 17.7735 14.5813 14.6522 13.3794 16.901 15.3401 16.3017 14.8517 15.6173 13.612 13.8112 13.9382 13.2961 13.3581 11.8146 12.7895 12.4591 11.4208 11.3326 9.65756 11.4694 10.223 10.869 10.8923 8.75631 8.84294 9.09936 8.6165 8.96623 9.02141 9.18397 8.75155 8.94379 7.90049 6.40206 7.16013 6.83075 7.2827 6.53861 6.85663 7.176 5.96861 5.97897 6.91703 5.3478 5.93782 5.4854 5.67872 4.4891 5.67484 4.80643 4.45893 5.05363 4.6616 4.17816 3.39827 3.95563 2.78783 2.9638 2.43462 1.82661 1.90539 1.89523 1.95661 0.923895 1.20028 0.33703 0.718221 
	20.719 21.541 20.7029 18.9912 21.9469 22.9601 23.6623 22.3933 21.5645 21.5575 21.7908 20.5764 22.1309 20.7096 28.3258 25.184 18.1077 19.3815 17.6145 20.9042 19.6147 16.7836 18.3259 18.5055 19.675 19.9333 17.6756 16.4111 16.4788 15.7437 17.1798 17.4098 18.8281 15.3121 16.4473 13.6701 17.9809 16.7109 17.5137 15.2018 16.1395 15.7553 14.812 15.72 14.2625 14.4308 12.3013 13.3544 15.0848 12.3959 12.104 9.78234 12.0257 11.4376 11.2011 10.9948 8.88804 9.95175 9.9458 9.83566 9.81041 9.73146 10.5371 8.83112 9.85655 9.24696 7.1369 7.13603 7.4904 7.70252 7.60905 7.37059 7.59873 5.62047 6.0216 6.95245 6.09674 5.94129 5.48458 6.13227 4.34437 5.29284 4.05716 4.65485 4.44857 3.73276 3.30223 2.8566 3.70866 2.4718 3.37291 2.72398 2.66944 2.19594 2.38261 2.53714 1.19051 1.40917 0.449751 0.868258 
	24.0461 25.0211 23.2641 22.6379 24.0611 25.0479 25.0933 24.608 25.8363 24.053 25.21 21.9223 24.8469 22.6615 25.184 34.7036 21.47 21.9454 20.4854 24.1919 21.7967 21.1899 21.7137 21.1456 21.1446 22.1341 19.6347 19.0614 19.1465 18.7483 19.231 19.229 23.1315 17.4433 19.9412 15.774 20.8646 17.9387 20.5237 17.838 18.2143 17.0878 17.8004 17.6182 17.525 17.0838 14.8695 15.6313 17.469 15.7944 15.2851 12.7343 14.1557 14.0752 13.6371 13.2896 10.8967 12.3346 12.3136 11.5308 12.277 11.5387 13.0999 10.6805 10.7941 10.8864 7.94324 8.54649 9.10553 9.02003 8.87141 7.67305 8.71965 7.30032 7.01021 8.13021 7.18588 7.41725 7.10985 6.90288 5.57036 6.28724 5.11814 5.14554 5.33975 4.49872 4.18314 3.47821 3.86155 2.81077 3.6721 2.8377 2.68976 1.98792 2.26272 2.48739 1.13644 1.21603 0.280541 0.788067 
	20.4714 20.6877 18.2767 18.0004 20.7737 20.7385 19.9585 20.8624 20.3154 19.6762 18.6541 18.8939 21.8402 17.0449 18.1077 21.47 24.628 19.3949 16.3868 18.9635 19.4103 17.8901 18.5961 17.8247 17.8511 18.2511 17.8145 16.6404 16.854 15.4857 16.3115 16.3051 18.7793 15.7301 17.8395 12.2773 17.6816 14.412 16.5056 14.4194 14.0236 13.3905 13.477 13.3537 12.8795 14.7074 12.4603 12.7744 13.942 12.4877 12.3337 11.076 11.8295 11.2179 10.939 12.3367 9.82196 9.18523 11.8768 10.0558 10.5336 9.60667 10.0807 8.80452 8.8269 9.4708 6.93385 7.45385 7.63847 6.21849 6.683 6.48562 5.97953 5.71365 5.64871 6.62898 5.78174 5.58908 5.4985 6.05933 5.44458 5.93887 4.64113 4.49211 5.52619 5.68141 4.58229 4.00166 4.3271 2.33799 3.07752 2.09801 2.1339 2.03854 2.46734 1.7546 0.980839 0.918251 0.473278 0.315092 
	21.5518 20.8513 18.7532 20.1082 23.1383 19.6321 20.4209 20.5769 19.7947 18.3942 18.6927 19.4117 21.5513 17.9695 19.3815 21.9454 19.3949 25.2173 15.3524 19.4988 20.821 16.228 16.9796 17.8825 17.6488 18.5923 16.6824 16.422 17.2722 15.8051 16.0815 14.9426 18.5879 14.3976 17.0179 12.8834 17.8322 14.6921 15.3594 13.9392 13.6153 13.8041 12.8317 13.4329 12.8129 14.8199 12.5952 12.87 14.6486 12.1084 11.9121 11.2337 12.5713 11.4891 11.0405 11.0318 9.08568 9.1634 11.1585 9.24742 10.7166 9.09127 10.7331 9.49135 9.12999 9.41907 7.67128 7.21641 7.54167 6.34958 7.19568 7.94803 7.12933 6.01532 5.80122 6.23399 5.31564 5.75582 4.87163 4.87835 5.24261 4.57681 4.1755 3.38415 4.54414 4.27445 3.78169 3.36567 3.69718 2.57187 2.31325 1.9925 1.6197 1.95413 2.54147 1.50552 0.51329 0.845557 0.421083 0.127806 
	16.7391 17.815 16.3899 16.0917 17.3812 18.4726 18.6108 19.3791 19.3592 17.3233 18.3892 18.5574 19.1828 16.1129 17.6145 20.4854 16.3868 15.3524 23.1445 18.1628 17.8502 15.1784 16.8383 16.5026 17.2251 18.474 15.3984 15.9859 15.5226 15.8373 15.3761 16.2018 18.2115 13.9049 15.495 12.2204 15.7719 14.5246 15.8622 13.9157 15.2233 13.8242 13.4385 13.0851 13.9969 14.0188 11.6186 10.3422 11.7449 11.4641 11.5793 10.2843 9.25684 10.2641 9.68465 10.5205 9.32424 8.93814 10.4447 10.571 9.26952 8.24401 9.18924 8.52343 8.80013 8.22042 6.61949 6.53591 6.46533 7.2306 6.74229 5.64111 6.92225 4.62285 4.90005 4.83676 4.74298 4.66037 4.31897 4.25119 3.72306 4.1422 3.27381 3.66221 3.2204 3.84194 3.33846 2.64977 3.50268 2.06465 2.10466 1.4124 1.98265 1.20233 1.27709 1.20578 0.420308 0.760873 0.332991 0.70033 
	20.8289 20.5402 19.6915 20.4311 22.1175 21.9906 21.4649 21.7188 21.1663 21.7147 20.3285 20.4527 22.3207 20.468 20.9042 24.1919 18.9635 19.4988 18.1628 27.8255 22.0115 19.9411 19.6553 19.8559 19.3733 20.2718 18.6223 17.7435 18.0158 15.5974 18.2704 16.8131 20.6568 17.1698 17.4007 15.6636 18.304 16.9409 18.8287 16.2841 15.9345 15.6471 16.5153 17.3243 15.7482 17.1129 13.7544 15.4213 15.5735 13.0128 13.208 11.9355 13.1722 13.0162 12.0312 12.1708 10.3197 9.92897 11.7981 10.0175 11.4126 10.1137 10.3319 10.1511 9.4776 10.0388 7.93821 8.96757 8.15 8.17705 7.24814 7.58932 7.41661 6.59754 6.21365 7.72291 6.56293 6.47776 6.60175 5.53535 4.94482 5.47583 5.5471 4.59285 5.95587 5.52429 5.4524 3.96761 4.17774 2.78206 3.41185 2.58555 2.08864 2.12216 2.04267 1.72571 0.746669 1.13612 0.289009 0.738391 
	21.3746 22.0016 19.4619 18.5754 23.1983 19.7643 21.8584 21.8338 21.8881 21.4461 21.3199 20.3313 22.2911 17.4177 19.6147 21.7967 19.4103 20.821 17.8502 22.0115 29.1466 19.1676 19.4824 20.4826 18.8281 19.9242 19.4326 19.6187 18.9054 17.4423 17.934 16.588 18.9138 15.5427 18.4721 14.9822 18.1293 15.1984 17.9214 15.438 14.9918 14.775 12.4433 16.1268 14.5026 16.4681 11.7935 14.052 14.8771 12.8839 11.3317 10.7499 11.328 11.6346 9.69393 9.53393 9.63405 8.14965 11.1308 9.46056 9.43725 8.39055 9.13947 8.11128 8.6496 7.55099 6.01033 6.70723 6.92925 7.43493 8.30471 7.07628 7.45747 5.82792 5.61246 5.06616 5.25226 5.05575 4.45195 4.46071 4.83111 4.32557 3.98206 3.4664 3.95128 4.09243 3.01758 2.69743 3.57824 2.3962 2.28381 2.05726 1.78725 1.63474 2.50795 1.77717 0.913156 0.617355 0.307476 0.03421 
	19.3455 18.8483 17.5875 15.8357 18.8205 18.02 18.907 18.2562 19.8213 17.5869 19.2984 17.0466 19.5367 16.2916 16.7836 21.1899 17.8901 16.228 15.1784 19.9411 19.1676 22.472 16.452 18.3162 18.608 18.5484 17.2298 16.1895 15.2798 15.1294 15.9309 15.4334 17.7916 14.2181 16.5573 12.5423 17.4306 14.8475 17.1094 13.9505 15.5878 14.2522 14.188 14.7047 13.178 15.0517 12.0113 14.4578 13.2994 12.8377 12.1492 11.3039 13.3101 11.6474 10.5099 10.7959 9.61294 8.57397 10.8236 9.56375 10.7799 8.81181 9.49236 8.1714 8.26906 8.61674 6.23369 7.67425 7.05463 7.43079 7.20476 6.52949 6.85134 6.05251 5.26872 6.50688 5.48234 5.90215 5.95287 5.41416 4.31915 5.19583 4.61087 4.31422 5.19649 5.20796 4.66418 3.52895 3.8667 2.08018 2.73537 2.2258 2.14058 2.07171 1.9518 1.54095 0.730521 1.21894 0.547693 0.760675 
	17.1716 21.358 17.126 18.2971 18.2968 19.9671 20.2405 19.7314 19.5257 19.9833 17.8317 18.1435 19.3252 16.7658 18.3259 21.7137 18.5961 16.9796 16.8383 19.6553 19.4824 16.452 24.5384 17.8891 18.3899 18.1497 18.1414 16.1676 18.4211 17.294 17.1186 15.8354 19.2885 15.2179 16.6074 14.3682 18.0681 15.7803 16.8747 15.6292 15.1058 14.2749 14.6543 14.9323 15.0427 15.1277 12.6447 12.8112 14.5198 13.2497 11.3621 10.6486 11.1372 12.1318 10.5202 12.7325 10.372 9.94297 11.0551 11.568 10.4572 10.8378 10.8052 8.72152 9.82197 9.73286 7.01277 7.89495 7.58643 7.288 7.61525 6.8347 7.37819 5.65642 6.19991 5.76199 5.67471 5.56732 4.90124 5.25623 5.65361 5.61187 5.32637 4.31422 4.75325 4.31931 4.30059 2.95037 3.28541 2.85539 2.6947 2.37251 1.95734 1.69917 2.61484 1.71485 0.626918 0.490766 0.0516026 0.154911 
	18.9985 19.4117 16.8169 16.3876 18.5643 18.6507 19.9087 19.2957 21.374 19.1506 20.1432 18.6645 19.8568 17.8124 18.5055 21.1456 17.8247 17.8825 16.5026 19.8559 20.4826 18.3162 17.8891 24.6727 19.1484 19.3651 17.6643 17.3022 17.5475 16.2075 18.3985 17.1069 18.7751 14.6611 16.7941 15.0699 17.9772 15.732 17.4724 15.2605 15.4766 14.3991 13.3968 16.1068 13.0933 14.4596 11.064 12.5789 12.2453 11.7349 10.8938 10.8504 12.2461 10.4725 10.6508 10.6287 9.55093 8.16713 10.9956 8.88551 10.132 9.64183 9.90439 8.53952 8.95494 8.80391 6.4204 7.38784 7.35543 7.17346 7.5669 6.97854 6.62265 5.80634 4.57643 6.4272 5.21561 5.0856 5.56882 5.89259 4.75064 5.93735 4.40928 4.47745 4.93346 5.23325 4.86134 3.5737 3.82626 2.40069 2.57819 1.85345 1.86537 1.10223 1.5739 1.48681 0.761918 0.530384 0.143313 0.383671 
	18.3926 19.4555 16.9063 16.4678 19.6364 20.5519 20.567 20.0099 19.2806 20.0381 18.9246 18.8106 19.5889 18.5051 19.675 21.1446 17.8511 17.6488 17.2251 19.3733 18.8281 18.608 18.3899 19.1484 24.7671 20.2244 18.5129 17.5092 17.4493 18.0363 16.5601 17.0288 19.0845 16.1863 17.8971 14.5867 18.6863 16.6791 16.1496 15.8148 17.4864 14.9701 14.5508 16.4563 13.4405 15.4988 13.2318 15.1132 14.1809 12.6185 12.1808 12.4015 12.4533 12.1 12.8403 12.6788 10.3602 10.3249 12.3325 11.1537 11.6428 10.379 11.2322 8.94424 10.6228 9.8366 7.31354 8.76717 8.08718 8.3337 7.93069 8.12319 8.811 5.92221 6.69309 7.1421 5.30158 6.28568 5.88157 6.03085 4.64514 6.09028 4.03907 4.70135 4.62924 4.59706 4.07186 3.06412 3.53625 1.89962 1.97815 1.80692 1.71174 1.92105 1.77423 1.28325 0.654112 1.15125 0.589426 0.766489 
	19.9327 19.0693 18.2106 19.0667 21.4575 20.711 19.8588 21.1463 19.246 19.2277 21.1109 19.0301 19.8592 17.7842 19.9333 22.1341 18.2511 18.5923 18.474 20.2718 19.9242 18.5484 18.1497 19.3651 20.2244 27.458 18.7529 17.1105 19.2362 20.0154 19.729 16.7029 21.0437 18.4251 18.9314 14.8187 18.7394 18.1961 18.903 16.2989 17.3663 17.0705 15.7873 16.6575 15.1813 16.1509 13.6176 14.1475 15.8138 13.1337 14.0051 13.2942 12.3725 13.1378 12.4842 12.2338 10.6626 10.0063 12.6087 10.8923 9.86773 8.71036 11.2768 10.4722 10.0276 10.5976 8.23946 8.65973 8.97814 8.2669 8.22649 7.27045 8.50389 6.36008 6.65126 7.14076 6.32458 6.56713 6.02677 6.01661 5.58331 5.10441 4.59697 4.41474 5.4097 5.03639 4.16003 3.94633 4.50781 2.96012 3.30217 2.70205 2.69357 2.5623 2.82384 2.25657 0.912113 1.48355 0.668633 0.755813 
	18.1448 18.8883 17.795 17.917 20.0647 19.4162 19.8785 19.1345 18.634 18.1752 18.021 17.0521 19.8565 16.1305 17.6756 19.6347 17.8145 16.6824 15.3984 18.6223 19.4326 17.2298 18.1414 17.6643 18.5129 18.7529 23.6261 17.2483 16.5445 17.6558 17.4612 16.0343 19.6551 15.7014 18.4715 13.605 19.0132 15.8266 16.7502 16.2455 16.5737 14.6191 14.8055 15.848 14.2592 16.0016 13.3068 13.7054 14.1004 12.3834 13.4459 11.4358 11.3206 10.8827 11.415 11.2642 10.3712 9.44547 11.4028 9.41556 10.9384 9.26568 11.1437 9.71648 9.57738 8.45783 6.5891 7.77662 8.22591 8.39581 7.71973 6.74436 7.39843 6.2974 6.03705 6.43084 5.50702 5.30523 4.64629 4.66253 4.33813 5.2106 4.26466 3.96344 5.1165 4.58537 3.38584 3.36015 3.99514 2.56114 2.59874 2.3292 1.4846 1.96706 2.11842 1.76915 0.913297 1.07845 0.494891 0.187704 
	17.7668 18.3484 17.3313 15.1901 18.4922 18.1022 17.8395 17.7404 17.6483 18.0251 18.2736 17.7662 18.33 15.5793 16.4111 19.0614 16.6404 16.422 15.9859 17.7435 19.6187 16.1895 16.1676 17.3022 17.5092 17.1105 17.2483 22.9353 17.5567 15.6432 16.7199 16.0448 19.0762 13.9255 17.0454 13.2279 17.1538 13.3289 16.3057 15.0103 13.5214 13.9675 12.6402 12.8303 12.3751 14.6418 12.0712 13.233 14.0373 12.2103 10.9366 10.0776 10.723 9.43246 10.3184 10.2886 7.81439 7.75315 10.0454 8.11791 8.97789 8.9406 8.17464 7.53166 8.77804 7.28977 6.85075 6.41692 5.92023 5.58753 6.3964 6.69002 6.20516 4.66793 4.88518 6.39557 5.11165 5.24507 4.26386 5.24997 4.77502 4.90546 3.79229 3.68101 4.20165 3.94377 3.7305 3.11013 3.82639 2.22778 2.28732 2.09782 1.86631 2.21556 2.69118 1.76927 0.671353 1.15598 0.584018 0.352199 
	17.2832 19.3717 16.5732 16.5717 17.9379 17.651 18.289 17.5102 18.9829 16.8062 18.7955 17.7276 17.7091 16.225 16.4788 19.1465 16.854 17.2722 15.5226 18.0158 18.9054 15.2798 18.4211 17.5475 17.4493 19.2362 16.5445 17.5567 23.2974 16.6039 18.0099 16.0642 19.1561 14.5516 16.203 14.2324 16.8714 14.5534 17.3264 15.3101 14.1426 13.2621 12.1125 13.561 13.279 13.1804 11.301 12.4319 13.4645 11.7926 9.85413 9.73659 11.8888 11.35 9.99751 10.7897 9.2036 8.62107 9.0967 9.24454 9.03684 9.91191 9.79209 8.00237 9.12739 9.53064 6.58942 7.46121 6.33133 6.06793 7.47028 7.10102 7.10786 5.77746 6.11886 5.77276 5.29464 5.86085 4.62686 5.65957 5.38489 4.92691 5.21801 3.98469 3.69476 3.85945 3.56968 2.54562 2.87161 2.45546 1.98026 1.73409 2.16897 1.69068 2.48669 1.59283 0.575135 0.757626 0.273694 0.793095 
	15.353 16.8345 15.9169 16.5473 17.9672 17.1433 18.3622 17.3987 16.473 16.3464 17.4563 16.2992 17.3691 13.6401 15.7437 18.7483 15.4857 15.8051 15.8373 15.5974 17.4423 15.1294 17.294 16.2075 18.0363 20.0154 17.6558 15.6432 16.6039 21.4507 15.1478 15.0512 18.0243 14.8023 17.586 13.7261 16.5513 15.778 16.3461 14.5933 14.6368 13.8456 12.6579 13.3129 12.9194 13.9546 12.514 12.4414 12.5482 11.7058 11.0636 11.6868 10.5713 11.7268 10.8607 11.0911 9.02214 8.66239 10.8313 9.88038 9.60947 7.64701 10.7894 7.56853 8.69951 7.96841 6.46482 6.70517 7.00781 6.28362 6.83661 6.11592 7.06867 4.89459 5.18723 5.39363 4.19792 5.79255 4.42255 4.83786 4.42469 4.29199 3.65867 3.4071 3.66038 3.15382 2.79062 2.56068 3.1331 2.11357 1.92281 1.94255 1.80339 2.0021 2.48488 1.65645 0.488021 1.15481 0.619982 0.386483 
	17.9602 19.2401 16.0292 14.7275 16.9339 16.9874 17.9662 17.7641 18.7629 16.9672 18.0689 17.6849 16.0142 15.9443 17.1798 19.231 16.3115 16.0815 15.3761 18.2704 17.934 15.9309 17.1186 18.3985 16.5601 19.729 17.4612 16.7199 18.0099 15.1478 23.8106 15.9153 19.8605 15.6128 16.1691 13.5368 17.2395 15.2693 17.8767 15.9711 16.2671 14.2077 13.6067 16.051 13.3131 14.4124 11.2328 11.7393 13.6932 11.9978 10.7381 9.76341 10.8516 10.4766 10.0393 9.26297 7.23566 8.19315 9.56747 8.01667 9.73791 7.7214 7.39445 7.53681 8.63199 7.05811 6.29096 6.48675 5.62662 6.87892 6.18507 6.3915 6.25542 5.02697 5.13032 5.93937 4.76931 4.53539 4.65011 4.22417 3.7623 4.62403 3.56166 3.72291 4.31366 4.26605 3.67617 3.04385 3.93399 2.62516 2.82351 1.71694 1.56506 0.875083 1.17319 0.957417 0.589146 0.18725 0.0544195 0.0483185 
	16.6152 15.8277 15.4407 14.7159 17.707 18.1918 16.6599 16.7684 18.9619 16.1119 18.2374 16.2267 16.1603 14.9834 17.4098 19.229 16.3051 14.9426 16.2018 16.8131 16.588 15.4334 15.8354 17.1069 17.0288 16.7029 16.0343 16.0448 16.0642 15.0512 15.9153 21.4488 18.9256 15.0397 17.0999 13.4845 18.0582 15.5539 16.7733 14.7013 16.2186 13.7522 13.6873 15.4808 14.756 15.3117 12.1832 12.4292 13.2813 12.281 11.0766 9.67228 12.5175 11.7442 10.0686 11.4201 10.0919 9.08452 11.6211 9.59494 10.1199 10.0495 9.97548 9.02368 9.29609 8.93146 6.28352 6.76132 7.17019 7.27021 7.86868 7.44312 6.87248 5.72457 4.88413 5.73169 5.54854 4.69473 4.74669 5.01782 3.92822 4.647 3.80594 4.32023 3.88234 3.86688 3.73126 2.35145 2.85326 1.76745 2.1547 1.7094 2.00812 1.24354 1.77913 1.57705 0.8561 0.695121 0.24855 0.684322 
	18.6396 20.1965 18.3434 19.5197 20.7788 21.2129 19.4396 20.6263 20.1489 18.2537 19.9803 19.2382 20.1593 17.7735 18.8281 23.1315 18.7793 18.5879 18.2115 20.6568 18.9138 17.7916 19.2885 18.7751 19.0845 21.0437 19.6551 19.0762 19.1561 18.0243 19.8605 18.9256 27.0235 19.2077 20.2202 16.0203 19.9768 17.9273 19.1557 17.7788 18.3427 16.6925 16.9169 17.6051 16.4934 15.9878 16.3569 15.3834 15.5319 15.3295 14.071 12.7474 13.5535 13.4479 13.6915 13.2301 11.3118 10.736 13.0759 12.4282 12.4741 11.0003 12.0069 9.7662 11.3826 10.8575 8.78861 10.153 10.039 8.56484 8.35924 8.65769 8.44348 6.96313 6.51994 7.38463 6.35111 6.02246 5.97995 5.84886 6.09071 6.0535 5.20389 4.91814 5.72983 5.25264 4.68687 3.68731 3.90166 2.42327 2.87769 2.17374 1.69761 2.1035 2.45006 1.37942 0.635564 0.869951 0.42273 0.197949 
	15.3241 14.8403 15.1071 16.3678 16.7595 16.9817 14.6179 16.5832 14.9502 15.6717 16.365 14.3148 14.9043 14.5813 15.3121 17.4433 15.7301 14.3976 13.9049 17.1698 15.5427 14.2181 15.2179 14.6611 16.1863 18.4251 15.7014 13.9255 14.5516 14.8023 15.6128 15.0397 19.2077 20.332 16.6177 12.8672 16.5391 15.5999 15.8968 14.656 14.5526 14.0503 14.375 15.3425 13.4549 14.6087 14.3711 13.5401 13.6316 12.3062 12.7206 11.4855 11.3578 12.2679 11.7766 11.0136 9.68776 8.69979 10.5208 9.99281 9.84897 8.17564 10.3744 8.56466 8.7028 8.48235 7.60527 8.11366 8.76978 6.64116 5.72141 6.32698 6.42519 4.7025 5.4657 6.46707 5.67153 4.91861 5.23273 4.80978 4.41806 5.16126 3.77008 3.72719 4.81389 4.06402 3.08458 3.18338 3.3435 1.99293 2.34731 1.61863 1.2484 1.58263 1.56128 1.04493 0.430901 0.77781 0.432781 0.0457249 
	17.1836 17.5315 17.1388 16.3564 19.3971 18.9206 18.363 17.9712 17.3144 16.8962 17.3903 17.2246 17.6041 14.6522 16.4473 19.9412 17.8395 17.0179 15.495 17.4007 18.4721 16.5573 16.6074 16.7941 17.8971 18.9314 18.4715 17.0454 16.203 17.586 16.1691 17.0999 20.2202 16.6177 23.9862 14.0993 19.4201 16.1926 18.6669 15.5811 17.1237 14.0445 14.3778 15.9456 15.1522 17.2569 14.6533 14.9046 16.2131 13.7411 13.0638 12.2269 13.1153 13.0562 12.2816 12.7626 10.1078 10.24 12.26 11.2217 11.4969 10.0554 11.453 9.49621 9.92088 9.62026 6.8507 7.16771 7.80373 6.50973 8.12981 7.50844 7.65606 6.11442 5.76178 6.33129 5.72347 6.1198 5.85309 5.51435 5.26688 5.17077 3.97515 3.52424 4.50243 4.53308 3.33216 3.2046 3.28989 1.87842 1.94346 1.54088 1.6708 1.55582 2.20036 1.38993 0.613393 0.730623 0.500922 0.101945 
	12.774 14.0094 12.331 12.5719 13.7967 15.6485 14.7842 13.9732 14.2515 14.5787 13.4517 13.8803 13.5584 13.3794 13.6701 15.774 12.2773 12.8834 12.2204 15.6636 14.9822 12.5423 14.3682 15.0699 14.5867 14.8187 13.605 13.2279 14.2324 13.7261 13.5368 13.4845 16.0203 12.8672 14.0993 16.9579 15.425 14.4985 15.41 13.8379 12.352 12.4988 12.0135 13.5149 10.8065 12.2288 9.49738 11.3145 10.2578 10.4507 8.17126 9.00881 9.41784 8.70555 9.47359 9.26414 8.36382 6.30252 8.97022 7.87328 8.08012 8.74504 8.96985 7.60422 7.78568 7.81921 5.7415 6.46967 6.8383 5.82365 6.42726 5.86044 6.17072 4.5419 4.01721 4.95714 4.44514 4.26913 4.03956 4.58608 4.16989 4.36367 3.73537 3.47562 3.88574 3.85517 3.24642 2.77392 3.26035 2.16455 2.19548 1.94618 1.62484 1.76548 2.16868 1.7481 0.710813 0.999261 0.410451 0.360358 
	18.7795 18.2168 18.1885 17.1341 19.4023 18.8395 19.0933 20.0236 19.4931 17.4001 18.6986 18.1402 17.6011 16.901 17.9809 20.8646 17.6816 17.8322 15.7719 18.304 18.1293 17.4306 18.0681 17.9772 18.6863 18.7394 19.0132 17.1538 16.8714 16.5513 17.2395 18.0582 19.9768 16.5391 19.4201 15.425 24.3679 18.2772 19.3799 16.8661 18.0883 17.2799 16.544 16.97 15.7876 17.9915 14.4325 15.9107 16.2136 14.1652 15.2828 13.466 13.7456 13.5947 13.2031 13.086 11.381 10.6428 13.2037 11.2287 12.2751 11.0892 12.0012 10.8106 10.7003 10.6399 8.33779 8.99178 8.96157 8.39729 8.77838 8.529 8.16222 7.05444 6.40798 8.20787 6.61281 6.70113 5.7059 6.25905 5.12039 5.48045 5.21688 4.42236 5.64828 5.35063 4.62271 4.07202 4.64393 3.09191 3.25576 2.94955 2.56845 2.68407 2.9297 2.64793 1.1055 1.75955 0.703056 0.924688 
	15.5455 14.801 15.216 15.6967 16.9129 17.6878 16.8619 17.7258 16.4672 15.87 16.6319 15.6881 15.3724 15.3401 16.7109 17.9387 14.412 14.6921 14.5246 16.9409 15.1984 14.8475 15.7803 15.732 16.6791 18.1961 15.8266 13.3289 14.5534 15.778 15.2693 15.5539 17.9273 15.5999 16.1926 14.4985 18.2772 20.435 18.3516 15.6231 17.3818 15.0804 15.728 15.9971 14.4229 15.0729 12.7699 13.5702 14.2723 12.4778 12.6702 11.4932 11.7526 11.7601 10.8298 12.0554 10.2327 9.53999 10.9677 10.525 10.0404 9.57167 11.5311 9.90303 10.2789 9.84567 7.70394 8.73208 8.76865 7.87558 7.8345 7.24075 7.96418 6.59861 7.06672 7.3809 5.78285 5.97282 4.93404 6.34851 4.67234 5.67597 4.35176 5.12288 5.49533 4.86446 4.44534 4.04459 4.58439 2.75286 3.44834 2.73168 2.83343 2.65379 3.10215 2.58129 1.17776 1.52518 0.69808 0.717759 
	17.3308 18.3508 16.8106 15.7274 17.5842 18.4389 17.8554 18.0139 18.4118 16.976 18.268 17.7463 16.9729 16.3017 17.5137 20.5237 16.5056 15.3594 15.8622 18.8287 17.9214 17.1094 16.8747 17.4724 16.1496 18.903 16.7502 16.3057 17.3264 16.3461 17.8767 16.7733 19.1557 15.8968 18.6669 15.41 19.3799 18.3516 24.2221 16.8357 17.5074 15.8224 16.3624 16.7064 15.8628 15.9025 13.0493 15.3136 15.8253 14.6534 13.9489 12.1276 14.2869 13.0123 11.8895 11.4538 10.4685 10.366 11.3235 10.9841 10.8948 10.2304 11.9974 9.58365 10.2239 9.6402 7.11167 7.70159 8.15905 7.83982 9.03057 7.75568 8.04045 6.69538 6.44023 7.36893 6.81549 6.94214 6.0574 6.59203 5.88713 5.97077 5.42559 4.83188 5.26797 5.29037 4.76176 4.03352 4.94624 3.47073 3.96357 2.84871 2.97459 2.03007 2.54595 2.63123 1.15563 1.1844 0.280413 0.835867 
	14.5072 16.1349 14.3167 13.9793 15.4573 17.1296 16.0179 17.7674 16.2753 15.2585 15.4571 15.4134 14.7039 14.8517 15.2018 17.838 14.4194 13.9392 13.9157 16.2841 15.438 13.9505 15.6292 15.2605 15.8148 16.2989 16.2455 15.0103 15.3101 14.5933 15.9711 14.7013 17.7788 14.656 15.5811 13.8379 16.8661 15.6231 16.8357 20.4648 15.9028 15.0685 13.8291 15.3715 14.4015 15.3688 14.0187 14.2617 14.4788 12.5018 13.0502 11.3373 12.2093 9.86092 11.6851 11.5639 9.80253 9.23519 11.7103 9.72669 9.6276 9.43686 10.2785 8.86656 9.90318 8.95724 6.75947 7.31155 7.44944 7.31116 7.01428 7.00954 5.7889 5.07948 5.26291 5.54561 4.23925 4.96298 4.62901 5.08154 4.13988 4.74362 3.65076 3.50413 4.08839 3.9915 3.56528 2.78023 3.30274 2.4234 2.46158 1.94305 1.59516 1.56061 1.98382 1.43503 0.905532 0.561099 0.160558 0.371112 
	16.1707 16.7328 15.062 14.589 17.3043 18.2241 15.8722 17.5251 18.5823 16.6315 16.3388 15.962 15.0476 15.6173 16.1395 18.2143 14.0236 13.6153 15.2233 15.9345 14.9918 15.5878 15.1058 15.4766 17.4864 17.3663 16.5737 13.5214 14.1426 14.6368 16.2671 16.2186 18.3427 14.5526 17.1237 12.352 18.0883 17.3818 17.5074 15.9028 22.1376 15.1445 15.0078 16.8042 15.7341 16.1845 13.5821 16.0412 14.549 12.8539 13.7392 12.2757 13.437 13.0006 12.1309 12.2974 11.0514 10.3401 12.8154 10.8981 11.861 10.3519 11.7106 9.50723 11.4326 8.80898 7.21468 8.73394 8.58456 8.94402 8.98726 8.34388 8.74046 6.87855 7.05414 7.48023 5.39961 6.22821 5.76292 7.07167 4.83283 6.62433 4.21422 5.25343 4.63462 4.67988 4.09804 3.19824 3.98749 2.03921 2.43314 2.20852 2.141 2.11132 2.39022 2.08307 1.21596 1.27831 0.602347 0.749205 
	15.8818 15.4196 13.8996 13.6713 16.9217 15.7608 15.1288 16.9421 14.4574 15.5434 14.4155 14.6543 13.3282 13.612 15.7553 17.0878 13.3905 13.8041 13.8242 15.6471 14.775 14.2522 14.2749 14.3991 14.9701 17.0705 14.6191 13.9675 13.2621 13.8456 14.2077 13.7522 16.6925 14.0503 14.0445 12.4988 17.2799 15.0804 15.8224 15.0685 15.1445 20.0533 15.9847 14.9242 14.6133 16.3298 12.7208 14.372 14.711 13.7153 14.5079 12.2277 13.3243 12.0819 12.9946 11.4053 9.56826 9.21921 10.83 9.95682 9.47517 9.56334 10.3007 8.84757 9.00357 9.23686 7.49215 7.33266 8.47673 7.49693 7.55375 7.88284 7.94816 5.82442 5.58907 6.49096 6.15676 6.36058 4.961 5.85506 5.45044 5.15481 4.72714 4.27128 4.82104 4.94482 3.89759 3.67404 4.70176 3.03743 3.33009 2.82951 2.63658 2.77465 3.07893 2.6498 1.0233 1.67213 0.662892 0.763083 
	13.9816 14.3308 13.7834 14.7113 15.4693 15.4559 14.641 16.5508 14.697 14.2483 12.3252 12.8683 12.9106 13.8112 14.812 17.8004 13.477 12.8317 13.4385 16.5153 12.4433 14.188 14.6543 13.3968 14.5508 15.7873 14.8055 12.6402 12.1125 12.6579 13.6067 13.6873 16.9169 14.375 14.3778 12.0135 16.544 15.728 16.3624 13.8291 15.0078 15.9847 18.8366 14.7358 15.3615 15.5599 13.1563 13.9862 13.5594 13.1811 12.9805 11.3728 12.6675 11.7683 11.5557 12.2352 9.92465 9.84657 10.2514 10.4284 10.7396 9.49705 10.9265 9.84948 9.32153 9.13576 7.8695 8.07961 9.15476 7.95886 7.80391 7.73911 8.8338 6.52433 6.6236 7.73613 7.65466 6.71588 5.9381 6.09672 6.04744 6.33351 5.42456 4.9497 5.87467 5.95711 4.88277 4.47939 5.28958 3.28647 3.5496 2.6989 2.40218 2.43492 2.45441 2.40927 0.898023 1.58335 0.575526 0.736832 
	15.613 16.038 14.4099 13.3779 15.9427 16.993 16.3905 15.5733 16.4754 16.4303 15.3357 14.634 13.7412 13.9382 15.72 17.6182 13.3537 13.4329 13.0851 17.3243 16.1268 14.7047 14.9323 16.1068 16.4563 16.6575 15.848 12.8303 13.561 13.3129 16.051 15.4808 17.6051 15.3425 15.9456 13.5149 16.97 15.9971 16.7064 15.3715 16.8042 14.9242 14.7358 20.9139 14.9776 16.6968 12.4628 13.8905 14.7882 13.8633 11.9984 11.5435 12.6695 12.4604 12.3321 11.5622 11.2607 9.89906 13.3044 11.2493 11.3821 10.465 10.9844 9.90914 10.7047 10.2114 7.9111 8.5956 9.24555 9.20449 8.91926 8.43713 8.28271 6.31384 6.38025 7.22628 6.43196 5.83969 6.27155 5.85049 5.63929 6.24967 4.62395 5.0041 5.60647 5.37108 4.02116 3.58286 4.3508 2.8094 3.30168 2.25469 1.91649 1.4934 1.8242 1.47667 0.904927 0.520011 0.221043 0.0720261 
	13.7915 14.7734 13.7466 14.6404 14.8171 15.2573 14.0012 16.1405 15.7931 14.1504 14.2726 13.5398 13.2766 13.2961 14.2625 17.525 12.8795 12.8129 13.9969 15.7482 14.5026 13.178 15.0427 13.0933 13.4405 15.1813 14.2592 12.3751 13.279 12.9194 13.3131 14.756 16.4934 13.4549 15.1522 10.8065 15.7876 14.4229 15.8628 14.4015 15.7341 14.6133 15.3615 14.9776 19.0248 16.2507 13.5651 13.8658 14.6706 13.3184 12.5475 11.584 12.695 12.7023 11.0079 11.9733 11.0794 10.4108 11.0906 11.0641 10.2832 9.45659 11.2764 10.113 10.3435 9.34588 6.92438 7.86514 8.38123 8.97114 9.5053 7.93959 8.25066 7.10101 6.28065 6.16356 6.27816 5.83359 5.21003 5.51022 5.05558 5.04679 4.88113 4.6097 4.54525 4.63249 3.87139 3.18152 3.96297 2.50162 2.95203 2.23573 2.17918 1.78065 2.37652 2.46808 1.16482 1.18114 0.335285 0.679965 
	15.8479 15.4027 15.0062 14.275 17.6333 16.2377 15.9697 17.2921 15.6808 16.6396 14.953 14.6977 14.7271 13.3581 14.4308 17.0838 14.7074 14.8199 14.0188 17.1129 16.4681 15.0517 15.1277 14.4596 15.4988 16.1509 16.0016 14.6418 13.1804 13.9546 14.4124 15.3117 15.9878 14.6087 17.2569 12.2288 17.9915 15.0729 15.9025 15.3688 16.1845 16.3298 15.5599 16.6968 16.2507 21.7611 13.4078 14.6628 15.6021 13.9744 14.3751 12.5334 13.9031 12.6741 12.9464 12.7045 10.5603 10.4415 13.646 10.6872 11.8424 10.1842 10.3331 9.92033 9.93053 9.28301 7.86717 6.79896 7.40867 7.57508 7.92413 8.44027 7.30087 5.46433 5.45815 6.41935 5.35094 5.96614 5.65382 4.76701 4.82585 5.15378 3.72464 2.96185 3.77694 4.1563 3.11842 2.81782 3.3707 1.80054 1.58569 1.41615 0.877474 1.34605 1.37033 0.990328 0.312398 0.755683 0.387205 0.010299 
	12.495 13.3314 12.3846 14.4337 13.2339 14.2347 12.4718 15.1548 12.5811 12.3931 13.4474 11.9429 11.9672 11.8146 12.3013 14.8695 12.4603 12.5952 11.6186 13.7544 11.7935 12.0113 12.6447 11.064 13.2318 13.6176 13.3068 12.0712 11.301 12.514 11.2328 12.1832 16.3569 14.3711 14.6533 9.49738 14.4325 12.7699 13.0493 14.0187 13.5821 12.7208 13.1563 12.4628 13.5651 13.4078 17.726 14.4771 13.894 13.3895 12.7695 12.1404 11.131 11.746 11.6601 12.4001 9.8251 8.67724 10.6851 10.2976 10.829 8.71877 10.6256 9.33052 9.27203 8.28889 7.37495 7.76084 8.0219 5.94976 6.00244 6.23969 6.89198 5.26695 5.35264 6.43684 5.12444 5.6432 5.39819 4.81606 4.94732 4.61563 4.3998 2.96917 4.86321 4.39861 3.43134 3.51481 3.69868 2.75496 2.47022 2.10056 1.44625 1.92607 2.21017 1.40657 0.448813 0.931618 0.461318 0.094 
	13.6617 14.9612 14.4444 12.6085 15.2756 15.2035 13.4989 15.9082 15.0369 14.0231 14.143 14.1082 12.8944 12.7895 13.3544 15.6313 12.7744 12.87 10.3422 15.4213 14.052 14.4578 12.8112 12.5789 15.1132 14.1475 13.7054 13.233 12.4319 12.4414 11.7393 12.4292 15.3834 13.5401 14.9046 11.3145 15.9107 13.5702 15.3136 14.2617 16.0412 14.372 13.9862 13.8905 13.8658 14.6628 14.4771 19.7671 14.9246 12.8546 13.7229 12.7525 13.6093 13.1743 12.0546 12.8064 10.6534 9.13443 11.5832 9.92933 11.3345 9.48665 10.9442 8.8701 9.75633 8.74604 6.96205 8.71017 8.25789 7.16986 7.82515 8.02687 8.42695 5.88731 5.86505 7.64869 5.84688 6.11707 6.04039 6.74149 5.5148 6.40072 5.04676 4.57613 5.34583 5.36726 4.46563 3.9002 4.42666 2.40271 2.53088 2.28546 1.73014 2.45602 2.41681 2.03488 0.886051 1.6427 0.725853 0.71174 
	16.2212 15.9327 14.5712 13.5202 16.6886 15.5022 14.7066 15.9222 13.3238 14.8567 14.4739 14.4719 13.4081 12.4591 15.0848 17.469 13.942 14.6486 11.7449 15.5735 14.8771 13.2994 14.5198 12.2453 14.1809 15.8138 14.1004 14.0373 13.4645 12.5482 13.6932 13.2813 15.5319 13.6316 16.2131 10.2578 16.2136 14.2723 15.8253 14.4788 14.549 14.711 13.5594 14.7882 14.6706 15.6021 13.894 14.9246 19.586 13.6412 13.8431 12.1758 12.3526 12.9231 11.9359 12.1859 10.1246 10.8778 11.5124 10.1172 9.64016 9.91978 10.9788 9.72144 10.4796 10.0181 7.31146 7.75422 7.68566 7.11126 7.88977 7.21364 7.91804 5.62213 7.15902 6.61864 6.63488 6.4017 5.23006 5.87429 5.49023 5.12958 4.58259 4.40395 4.7397 4.51351 4.1161 3.42813 4.25097 2.96411 3.29702 2.6505 2.97647 2.36069 3.20444 2.41093 1.11038 1.00474 0.371199 0.625192 
