# Task 3:
Task: Implement the Cholesky factorization method for square matrices. Do not include any pivoting in the algorithm. Document the algorithm in your software manual. Test the code on at least 2 or 3 matrices of different sizes. At least one example should involve a matrix that is bigger than 100×100 in size. Use output from the method you created in the previous task.
# Proof

[ChoeskyFactorization](https://thedegreeisalie.github.io/Math5610/softwareManual/CholeskyFactorization)

	jer@thismachinelaughsatfascists:~/Workspace/math5610/hw5/task5/build$ ./Task5 100
	33.1124 26.2256 22.7436 21.5561 25.2805 24.4625 23.6675 23.9546 24.9819 23.6324 20.1056 20.1882 23.6972 22.1231 20.1963 20.2482 22.245 14.3345 19.2084 19.7879 20.4121 19.9397 18.1016 20.44 20.8492 18.5062 19.4794 17.8763 16.9775 19.7739 15.2342 19.1027 15.6381 17.6815 17.3731 17.887 17.3174 13.2866 12.7417 16.1863 14.8168 15.0945 13.4585 11.9603 15.6682 11.3313 13.9546 14.0117 13.8634 11.7721 13.2389 11.016 12.0085 12.3834 13.1056 13.9762 12.0049 10.9486 10.6911 10.465 9.24873 9.54432 11.0389 10.3936 10.3668 10.763 9.79081 9.38414 8.52904 8.63084 8.00862 6.55219 8.35793 8.11764 8.16804 8.87664 7.62949 7.96977 7.02387 8.62211 6.48759 6.75423 8.3184 5.26358 7.55151 6.9863 5.36142 6.41918 4.78163 4.27655 3.20496 3.96525 4.21853 2.19757 1.48684 2.25874 0.949706 1.82429 0.420021 0.696644 
	26.2256 34.9878 25.6013 25.2235 26.925 24.7894 24.7367 25.3527 25.6555 25.2625 21.0037 21.1222 24.7605 22.7039 22.0286 20.0854 23.4331 15.2293 21.0141 19.8839 19.3317 21.0705 20.3069 21.0096 21.641 20.7196 19.3217 17.597 18.3574 18.5403 15.8149 20.2283 16.4969 18.0172 18.563 17.7499 16.7053 13.5813 15.0107 17.1191 14.4701 16.3716 13.8055 12.3275 14.8373 11.1763 13.2432 14.1744 13.1443 10.1044 12.6018 10.776 11.0285 10.9684 11.1388 12.1432 10.5869 9.69967 10.4776 10.1471 8.53705 8.90809 9.4021 9.24375 8.56317 8.65522 8.45432 7.74278 7.22918 7.1272 7.22274 5.32673 7.07779 6.14283 7.40502 7.0991 5.96166 7.43982 5.30292 6.46121 5.36172 5.39331 5.68172 4.31925 5.35565 4.85811 3.9218 4.62425 3.00796 3.16672 2.38598 2.95275 2.60591 1.12047 0.777004 1.1486 0.414476 0.959449 0.288125 0.675737 
	22.7436 25.6013 33.5977 22.2242 25.9585 24.9627 21.8687 23.2016 24.9944 25.0003 19.6548 22.2844 23.7193 21.0283 21.8713 21.2887 22.6725 15.7655 17.9988 20.545 18.4307 18.4588 17.276 19.7002 18.4911 19.0905 21.0236 19.4961 18.6804 19.571 15.9274 18.5777 15.6271 17.2154 18.1588 18.0275 18.3593 14.1804 14.3494 14.6441 12.7432 15.3253 12.7945 11.7747 14.7739 11.3468 14.2772 14.6649 13.8137 11.8739 13.1516 12.7747 13.7953 11.0766 11.6967 12.3224 12.4979 10.9976 9.94641 10.2988 9.65585 9.82167 10.2714 10.6288 10.3054 10.5115 10.2893 9.21082 9.33434 7.70972 6.67228 6.35827 6.37739 6.44934 7.46273 6.77954 5.49287 6.20512 6.05962 6.4779 5.93645 5.79657 5.83627 3.85676 5.17252 4.94509 3.68733 4.32483 3.47942 2.86382 2.48309 2.79127 3.35639 1.86082 1.4139 1.99849 0.937582 1.91673 0.467687 0.861412 
	21.5561 25.2235 22.2242 30.2562 24.9472 21.9661 22.6671 22.5561 23.3742 22.3687 18.3279 17.9785 21.7549 19.5416 19.7451 20.0493 19.5678 13.3552 16.8975 18.0473 17.7523 17.6136 18.1171 18.6735 18.345 16.9607 15.7152 15.7106 16.2823 17.3342 15.0103 16.8217 14.8748 15.7592 15.7307 15.758 14.9482 11.5513 13.0661 15.0622 12.455 14.3381 12.1425 11.4604 12.3716 9.14082 12.905 13.3546 11.7947 9.6444 11.9189 11.2413 11.6502 10.5178 9.79326 10.6383 9.13638 9.1681 8.48129 8.75756 7.74166 8.2615 8.63246 8.65643 7.79294 8.06871 7.19972 6.15745 6.13729 6.39545 5.84638 5.21853 5.59571 4.99854 6.34939 6.29586 5.73297 5.87694 4.24579 5.79908 4.5313 4.84585 4.3954 3.52402 4.50081 3.91607 3.10792 3.43492 2.71309 2.99984 1.77404 2.33569 2.31967 0.843904 0.814074 1.15214 0.558534 0.795973 0.191947 0.489261 
	25.2805 26.925 25.9585 24.9472 36.1851 25.854 25.819 25.5056 26.9333 26.3988 21.6812 21.9901 25.6105 22.374 22.7354 20.4596 22.762 16.502 20.3271 21.2117 21.3013 21.4974 20.1834 21.5472 19.9773 21.6977 21.4385 19.9119 21.205 20.8327 18.2661 21.5634 17.371 18.7361 18.9246 18.493 20.2572 14.7331 15.8251 19.1068 17.1619 16.4072 15.8714 15.7412 16.4587 14.0919 15.3898 16.819 15.0788 12.667 15.7617 14.2477 14.6936 14.2423 14.4445 14.415 13.7299 11.2541 11.5198 12.4824 10.7984 11.5705 11.7308 12.0625 11.3503 10.2705 9.91927 8.7798 9.30641 8.98218 8.21966 6.66979 8.4886 7.48822 8.54936 7.88703 6.49428 7.84616 5.81453 6.79223 6.03849 5.51874 5.41225 4.8349 5.4385 4.8094 3.2626 4.32163 3.06318 3.20453 2.11287 2.70739 2.81302 1.00865 0.980944 1.20796 0.540957 0.813778 0.202235 0.570239 
	24.4625 24.7894 24.9627 21.9661 25.854 32.5643 22.6702 25.4559 25.5779 25.2989 20.988 20.6552 24.6951 22.4095 21.169 21.05 22.8152 16.3338 18.8613 21.2679 19.8205 20.8591 18.2994 20.0357 19.8271 19.2396 20.1525 18.8659 18.3262 18.6925 14.9676 19.2721 15.6745 17.57 17.8584 18.957 17.2951 13.6296 13.777 16.2246 14.0339 15.216 14.0538 11.1618 15.0311 12.3551 13.4461 14.4348 13.5931 10.951 13.5676 11.8529 13.6364 11.1669 12.6915 11.5453 11.9417 11.1702 11.4078 11.0001 10.0765 9.17977 10.5895 11.6361 10.2684 10.6393 10.8199 9.60895 9.95579 9.60111 8.54621 6.29053 8.15251 7.43105 9.01171 7.61992 6.72608 7.49039 6.2043 6.83838 6.09803 5.45511 6.31141 4.68981 5.91988 4.88226 4.03532 4.78709 3.67769 2.9043 2.5381 2.97135 2.86283 1.66971 1.13203 1.53749 0.719999 1.54683 0.319006 0.386986 
	23.6675 24.7367 21.8687 22.6671 25.819 22.6702 31.0532 24.4253 23.1262 23.5107 21.2225 20.9186 23.8372 21.1421 20.1224 19.7584 21.0986 14.8383 18.0319 19.5661 19.4809 19.8189 19.599 20.6249 20.0926 18.9103 18.2788 17.3657 16.5561 18.3575 15.504 17.8989 15.1902 16.7466 16.127 17.503 17.934 14.3399 14.0399 16.913 14.7554 14.6569 13.9317 12.5174 14.7483 12.0011 14.4289 14.9767 13.2502 11.6353 13.242 11.4363 12.3186 11.214 12.0852 12.7601 10.3231 9.94383 10.9759 10.757 8.42785 10.2533 10.3751 9.69447 10.1641 9.41016 8.49405 8.90802 9.36467 7.93529 6.81197 6.35923 8.05978 6.48688 7.69363 7.82175 6.10859 7.34304 4.68277 6.80661 4.99497 5.69466 5.44848 4.32136 4.9174 5.0937 3.84944 4.38383 2.89456 3.34887 1.88315 2.74716 2.94103 1.07627 1.19486 1.29722 0.695263 0.93876 0.262223 0.720688 
	23.9546 25.3527 23.2016 22.5561 25.5056 25.4559 24.4253 33.0381 26.3384 25.5266 21.4842 20.1416 24.2476 23.4726 21.4981 20.8945 22.4539 16.2605 20.1841 20.615 20.5959 19.6745 20.2614 22.6583 20.5972 19.821 21.0287 18.2954 19.6922 20.3945 16.4223 19.1709 17.0566 19.4495 16.3918 17.7511 17.9754 14.6711 14.1505 17.5494 15.5624 17.0836 14.9978 13.3292 14.3993 11.9526 15.226 15.3947 13.1243 11.9792 13.8709 12.6441 12.8086 12.4402 12.2477 13.0729 12.5345 11.9913 10.2757 10.0939 10.5321 11.0532 11.2168 11.3743 10.1197 11.6187 10.2296 9.35218 8.74728 10.1771 8.08575 6.79756 8.53457 8.05291 8.84566 8.3989 6.62827 9.21027 5.13121 7.20053 5.42187 5.60914 6.07092 4.44113 5.12572 4.65507 4.42461 4.49666 3.30148 2.76944 2.22204 2.75662 2.24794 1.24872 0.98949 0.925213 0.452403 1.51521 0.422405 0.838209 
	24.9819 25.6555 24.9944 23.3742 26.9333 25.5779 23.1262 26.3384 35.3946 28.0407 21.6907 20.3265 25.1842 23.4997 22.172 22.5844 22.9116 16.4941 21.1909 22.9137 22.3564 21.9344 21.9982 22.6907 20.6465 20.7457 21.533 19.6166 20.8867 21.2031 16.7886 20.7247 16.3325 18.3378 17.5096 16.7271 18.0927 12.6343 14.969 17.0596 14.9237 15.8236 14.1317 13.6467 14.9263 11.4779 13.3202 14.4212 12.8912 11.5484 13.7904 12.6218 12.435 12.3966 13.0844 12.9301 12.0065 10.4026 9.92786 9.77974 9.95607 10.3466 10.061 10.9617 9.06017 9.51193 8.77619 6.59008 6.81388 8.90703 6.79485 5.82192 6.38176 6.19486 6.25061 6.08591 4.97873 6.17441 4.78244 4.93932 4.72859 3.92336 4.66557 3.85832 4.48115 3.8534 2.64279 3.31473 2.83316 2.61098 1.72164 2.19772 2.24421 1.16015 0.807869 1.29317 0.50556 0.506618 0.081125 0.0983468 
	23.6324 25.2625 25.0003 22.3687 26.3988 25.2989 23.5107 25.5266 28.0407 32.4121 22.0939 20.819 24.1998 22.6836 21.8974 21.5404 22.4121 15.6947 20.273 22.8579 20.8986 19.7871 20.317 21.9241 21.0516 19.6102 19.6027 19.8944 20.2299 20.264 18.1588 20.7562 17.2259 19.3248 18.8442 19.5005 18.711 14.2889 15.5551 18.0354 15.2798 17.8444 16.2916 14.3101 15.9383 12.9527 14.7605 15.2286 13.5919 12.2814 14.8773 12.9823 14.1208 11.451 12.6882 13.7908 11.3511 12.2432 11.5645 11.4116 10.3638 11.6732 11.747 11.8293 10.0238 10.1313 10.1432 8.57687 9.24859 9.27013 8.09004 6.96409 7.53873 8.04094 8.85789 7.89721 6.11024 7.61103 5.36876 6.29953 5.22389 5.73262 5.3878 3.85613 5.21134 4.99406 3.20511 3.83644 3.30177 3.12926 1.84914 2.56556 2.66579 1.18381 1.06983 1.2467 0.52446 0.935455 0.269663 0.711005 
	20.1056 21.0037 19.6548 18.3279 21.6812 20.988 21.2225 21.4842 21.6907 22.0939 25.3308 18.1104 22.3013 18.3967 18.8831 18.3978 18.1114 13.5542 15.7003 19.326 17.6511 16.5308 18.2987 20.0902 17.363 16.0867 17.7045 15.8018 16.0219 17.5848 14.8901 16.5781 14.2689 16.314 14.755 15.5585 15.8608 13.3199 13.242 16.6743 14.6653 13.6662 14.1609 13.0794 13.1106 10.9437 11.7657 13.3529 11.2576 10.0985 13.216 11.446 12.5203 11.5136 10.8023 12.7244 10.6372 11.0296 10.6996 10.1416 9.40232 10.2854 9.92259 10.3731 8.49831 9.88389 9.02 7.37269 7.89716 8.44841 7.0592 6.35071 6.88269 6.84799 7.14117 6.60941 4.79476 6.89463 4.44627 5.24069 4.28267 3.98949 4.37592 2.82679 3.80378 3.73101 3.29712 3.28544 3.164 2.32661 1.95051 2.33053 2.2739 1.4954 0.834796 1.17288 0.313481 1.29971 0.36583 0.698572 
	20.1882 21.1222 22.2844 17.9785 21.9901 20.6552 20.9186 20.1416 20.3265 20.819 18.1104 25.3101 21.8637 18.9232 18.2867 18.14 19.748 13.4879 16.1441 18.0416 17.5814 18.3619 16.1107 17.975 15.488 16.8439 17.8935 17.4434 14.4745 16.5607 14.0963 17.3668 13.7805 14.4075 14.9205 14.595 13.7772 12.5003 10.9484 12.5116 11.4472 13.5955 12.0203 11.4442 14.2669 10.1007 11.5263 13.8314 12.2565 9.11651 11.2704 11.3233 11.6809 10.278 10.4616 10.1283 10.1734 9.53575 10.0066 9.09547 8.21794 8.57632 8.55455 8.79242 7.74973 8.20522 7.40459 6.99528 7.88298 6.58606 6.4591 5.08481 4.96457 6.0278 6.11266 7.07915 4.99073 5.99255 4.78577 5.94597 4.74188 5.11888 5.27311 2.62652 4.70065 4.77958 3.42169 3.67615 2.4979 2.21221 1.67129 1.84491 2.55577 1.34459 0.974692 1.6774 0.830737 1.34633 0.243821 0.288204 
	23.6972 24.7605 23.7193 21.7549 25.6105 24.6951 23.8372 24.2476 25.1842 24.1998 22.3013 21.8637 32.782 23.2775 23.898 22.3348 24.0847 16.762 19.8744 21.1503 21.4735 21.0674 19.7897 22.048 19.7515 20.0848 21.3684 19.9842 19.6249 19.7814 15.8726 20.0801 16.5723 17.9601 18.0925 18.3064 18.6341 14.1582 15.2177 17.087 14.2841 15.4036 14.7054 12.5625 15.1654 12.1939 15.2288 14.5497 13.4841 10.004 13.91 12.5632 13.9379 13.3218 12.9087 12.2182 12.9031 11.9874 11.5784 11.2055 10.5518 10.647 9.87529 10.3409 10.1529 10.8618 9.47325 9.35398 8.94103 9.01773 7.24676 6.11068 6.678 7.43339 7.61161 7.62501 6.54682 7.72768 4.7084 6.0524 5.3515 5.63661 6.01189 4.29653 5.46826 4.49134 3.71128 4.97521 3.43921 3.00674 1.86571 2.58489 2.16692 1.04409 0.706492 0.996228 0.457321 0.47273 0.0767934 0.00115252 
	22.1231 22.7039 21.0283 19.5416 22.374 22.4095 21.1421 23.4726 23.4997 22.6836 18.3967 18.9232 23.2775 28.6438 19.4224 19.8085 22.0151 16.1043 18.0743 19.6085 19.0407 19.9641 18.0792 19.0537 20.0766 18.6328 19.4723 16.2425 16.8969 17.9387 16.2312 18.0893 15.5263 17.9709 16.2944 16.2748 17.398 13.3161 13.6157 16.269 14.1913 13.6676 13.5753 11.5762 12.1879 11.004 12.0048 12.169 10.8634 9.31562 12.2312 10.8249 8.29232 9.25267 11.6206 11.2656 9.69243 8.65393 9.71493 8.94439 8.63446 8.41649 8.78337 7.89785 8.0342 8.92773 7.82028 7.72055 7.04857 6.66156 7.22479 4.96234 6.87559 6.42621 6.26035 6.55168 5.15827 5.83391 5.62441 5.34602 4.49757 3.77112 5.26638 3.15321 3.99461 4.36415 3.33762 4.42181 2.77517 2.17355 2.16092 2.20431 2.65652 1.62748 0.801255 1.71409 0.635719 1.46629 0.356972 0.509728 
	20.1963 22.0286 21.8713 19.7451 22.7354 21.169 20.1224 21.4981 22.172 21.8974 18.8831 18.2867 23.898 19.4224 28.3035 19.5337 20.4183 16.5107 17.3091 19.141 18.796 18.5332 19.1621 19.4402 19.5165 17.9624 18.1926 17.304 17.9146 17.932 14.5938 17.4648 14.7174 18.764 15.8754 17.2977 16.6085 12.7447 12.8157 16.5622 13.9714 14.714 13.9177 12.4376 14.6028 11.9279 13.1669 13.1231 12.8446 10.365 13.5257 11.9209 11.9447 12.1253 11.2341 11.9531 11.4301 10.3242 9.05623 9.89117 8.00761 8.55018 8.80191 8.96012 9.21978 8.90838 8.7061 7.36422 6.85431 7.53443 6.49114 5.46892 6.25133 6.99099 6.94768 5.5058 5.22196 5.55361 4.04335 4.7166 3.32731 4.87313 4.87872 3.50529 5.25343 4.51145 2.6254 4.21259 2.87715 2.46258 1.13849 1.63362 1.56483 0.696719 0.584392 0.474364 0.278175 0.493944 0.0708719 0.0209473 
	20.2482 20.0854 21.2887 20.0493 20.4596 21.05 19.7584 20.8945 22.5844 21.5404 18.3978 18.14 22.3348 19.8085 19.5337 26.2489 20.7663 15.5867 17.3577 18.6322 19.3229 18.4403 17.5258 19.0631 17.8372 17.4216 19.4102 16.4161 17.5911 17.6235 14.1906 16.5906 14.6214 16.4095 15.241 15.5684 14.6634 12.3041 11.729 13.2919 12.9867 12.7016 12.8779 11.2646 13.4008 9.34805 13.0576 13.7571 12.5308 10.4056 11.548 11.2039 11.6868 11.1522 10.9164 11.5464 11.0831 10.2727 9.71748 9.34482 8.27777 8.64032 9.4521 10.3808 8.28904 8.96747 8.7921 8.21626 7.44737 7.42588 6.35134 5.4616 5.71652 6.06225 6.28287 6.28729 4.80422 4.97005 3.68867 5.0902 4.249 4.24395 4.46547 2.63339 4.45863 3.72337 2.61586 2.80062 2.05881 2.45249 1.42891 1.73988 1.97477 0.750064 0.67226 1.40314 0.748572 0.553182 0.0544169 0.0294971 
	22.245 23.4331 22.6725 19.5678 22.762 22.8152 21.0986 22.4539 22.9116 22.4121 18.1114 19.748 24.0847 22.0151 20.4183 20.7663 29.0622 15.3706 19.8884 21.1931 20.2824 20.2973 18.4223 20.5041 20.2178 19.4747 19.4809 17.2016 17.1758 19.1283 15.656 19.057 16.3945 18.0071 17.7299 17.8286 18.8441 13.8845 14.629 16.0838 13.9107 16.0685 13.6714 12.3818 15.2681 11.6749 15.2645 15.3215 14.0801 12.2464 14.1148 12.0828 12.9474 11.2706 13.0316 13.4212 12.2008 9.69308 10.2101 10.1777 9.26646 10.3297 9.92639 10.9821 9.9674 9.67496 10.306 9.36599 8.62898 8.59422 7.23338 5.63516 6.23297 7.26873 7.26783 8.37779 5.33446 7.87261 6.06854 6.30224 5.96627 6.21004 6.41163 4.12242 5.00465 5.66432 3.71417 4.39518 2.63687 2.0126 1.74783 1.86672 2.33613 1.32001 0.984766 1.47443 0.66615 1.17252 0.306243 0.589951 
	14.3345 15.2293 15.7655 13.3552 16.502 16.3338 14.8383 16.2605 16.4941 15.6947 13.5542 13.4879 16.762 16.1043 16.5107 15.5867 15.3706 16.8194 12.8208 14.4711 15.5445 14.7026 13.9315 14.5533 13.9073 14.3788 14.2299 12.4313 13.6185 13.4928 12.139 13.8147 10.3752 14.121 12.2302 12.3675 13.7048 8.55276 9.46772 11.7833 10.535 10.8853 11.5727 10.0491 10.2164 8.31227 10.7487 10.9353 9.25218 8.47178 10.9113 9.50992 8.90347 8.4772 8.51644 8.87924 8.81368 7.43604 6.5318 7.04061 7.37765 7.67557 7.41209 7.97169 7.38387 7.68793 7.51212 6.49463 5.6207 5.96366 4.84254 4.26985 5.11403 5.63848 5.08552 4.38438 3.97324 4.08643 2.94517 3.48439 3.02837 2.98725 3.35765 2.8974 3.42379 3.00575 2.01689 2.73248 1.67817 1.53716 0.956743 1.16354 1.21212 0.498591 0.43079 0.576957 0.321089 0.499653 0.0636331 0.0417795 
	19.2084 21.0141 17.9988 16.8975 20.3271 18.8613 18.0319 20.1841 21.1909 20.273 15.7003 16.1441 19.8744 18.0743 17.3091 17.3577 19.8884 12.8208 22.5893 17.9086 17.3688 17.7562 17.4191 19.5267 18.0243 17.8851 17.0837 16.5708 17.7004 16.3585 14.1477 16.1297 13.4044 16.8486 15.4323 15.7552 15.2771 12.255 12.0553 14.8973 12.7125 13.6355 11.4025 11.3921 12.6357 9.91859 12.3776 12.3998 10.4328 9.46337 10.2248 9.94046 10.2765 9.39541 11.0148 10.9792 10.1889 8.69112 8.88065 8.53313 8.11126 8.96191 8.86381 8.72366 8.18271 8.28533 8.09318 7.46497 6.38761 6.49153 5.30643 4.17011 5.39349 5.30028 5.72408 5.74639 4.57778 5.67414 3.82201 4.91283 4.61564 4.30671 4.6955 3.45774 4.08803 4.01146 2.37314 3.30212 2.16092 1.74412 1.40007 1.44094 1.37573 0.743414 0.342499 0.692815 0.242729 0.598347 0.148893 0.194375 
	19.7879 19.8839 20.545 18.0473 21.2117 21.2679 19.5661 20.615 22.9137 22.8579 19.326 18.0416 21.1503 19.6085 19.141 18.6322 21.1931 14.4711 17.9086 28.1972 19.8103 19.4901 19.9782 20.884 18.9238 18.433 19.6078 18.2558 17.5203 18.6504 14.5262 19.2791 16.027 16.882 17.1258 16.7192 16.2515 13.5597 13.6141 17.3562 13.9284 16.2744 14.4973 11.9659 13.6819 10.2134 13.1825 12.6682 11.1562 10.575 11.8404 10.8199 11.9295 9.42481 10.094 11.379 9.32771 9.92713 8.6383 8.87894 7.77974 8.75767 8.60301 10.3162 7.86527 8.16763 9.26348 6.31098 6.33524 7.16314 5.70059 4.3415 5.6584 5.23413 5.71995 5.41054 3.96058 5.96663 3.9253 5.02863 4.20112 4.1097 4.27795 3.02466 3.91433 4.12845 2.63393 2.34989 1.88205 1.78744 1.44968 1.62994 1.65036 0.902719 0.551656 0.825491 0.198129 0.677909 0.198692 0.470639 
	20.4121 19.3317 18.4307 17.7523 21.3013 19.8205 19.4809 20.5959 22.3564 20.8986 17.6511 17.5814 21.4735 19.0407 18.796 19.3229 20.2824 15.5445 17.3688 19.8103 25.1587 19.8305 17.9664 19.9861 18.8856 17.8181 18.2443 17.4047 16.5749 18.6514 15.4408 18.9431 15.0231 16.8492 15.7142 15.2242 14.778 11.6952 11.265 14.4336 13.4626 13.4421 12.8097 12.2205 13.5614 9.78775 12.5166 12.8958 12.2683 10.1891 12.8539 10.7039 10.7081 10.553 11.2343 11.9533 10.4336 9.84293 10.6707 8.51395 8.82533 10.259 9.79436 10.4521 8.95513 9.15309 8.81684 7.50442 7.46935 7.91905 6.55154 5.44895 5.91469 6.67697 6.64446 7.19389 5.52642 6.84994 5.16973 5.67785 4.31533 5.03684 5.61637 3.85227 5.46673 5.36676 4.24783 4.64395 3.3818 2.78701 1.79593 2.24221 2.40024 1.3327 1.11003 1.42818 0.847935 1.51913 0.260926 0.242117 
	19.9397 21.0705 18.4588 17.6136 21.4974 20.8591 19.8189 19.6745 21.9344 19.7871 16.5308 18.3619 21.0674 19.9641 18.5332 18.4403 20.2973 14.7026 17.7562 19.4901 19.8305 25.2772 17.8015 20.2458 18.8505 18.7118 17.5023 16.9782 16.3449 16.703 13.9841 19.446 14.9139 15.5184 15.0826 15.8925 15.905 11.8706 12.7106 14.6333 13.553 14.1779 13.7278 11.7089 14.0987 10.8807 13.1008 14.0656 12.5886 10.2697 12.1146 11.2273 10.7065 11.9167 12.3639 12.5574 10.8049 9.83841 10.7648 10.0234 9.32899 9.16597 8.84574 9.61782 8.89915 8.03879 8.45517 8.03121 7.1721 7.91499 6.73519 4.86661 6.38043 6.76029 6.46649 6.75488 5.39842 6.91151 4.19595 5.10748 4.15917 4.45987 4.50581 3.93034 4.64084 4.07453 3.422 3.91077 2.58106 2.73572 1.52677 2.30018 1.93026 0.573508 0.824498 0.73132 0.581748 0.800657 0.102144 0.149991 
	18.1016 20.3069 17.276 18.1171 20.1834 18.2994 19.599 20.2614 21.9982 20.317 18.2987 16.1107 19.7897 18.0792 19.1621 17.5258 18.4223 13.9315 17.4191 19.9782 17.9664 17.8015 24.8532 19.5625 18.9071 18.5087 19.603 15.9455 17.5959 18.5263 14.9063 17.5795 14.9896 18.1077 15.7167 16.4261 16.36 13.0676 13.9462 18.3438 15.1815 15.1011 13.7784 12.9355 13.1314 10.9972 14.0106 14.4473 12.029 10.2145 13.7783 11.3902 11.8253 10.4512 10.6675 11.1951 10.7672 10.1423 9.42366 9.49123 8.75032 9.71871 9.07057 10.3654 8.76062 9.39267 8.94804 7.05522 7.15967 8.22913 6.17776 5.10705 7.0084 6.33413 6.4608 5.66353 5.15913 6.0253 3.62359 4.9184 4.17283 4.39003 4.64325 3.7131 3.88911 3.97336 2.44996 2.58302 1.6322 1.85406 1.3178 1.86527 1.73416 0.917658 0.441481 0.63556 0.126002 0.350488 0.0639589 0.019149 
	20.44 21.0096 19.7002 18.6735 21.5472 20.0357 20.6249 22.6583 22.6907 21.9241 20.0902 17.975 22.048 19.0537 19.4402 19.0631 20.5041 14.5533 19.5267 20.884 19.9861 20.2458 19.5625 25.8987 20.0556 19.4195 19.3543 18.436 19.0884 19.258 15.3083 19.2297 16.6538 18.379 16.7851 17.1161 17.4277 13.6496 14.2034 17.0797 14.7226 16.7632 14.6278 13.3634 15.089 12.4031 14.6436 15.5521 13.8195 11.5452 13.869 12.2582 13.3106 12.3486 12.5149 14.2787 11.2494 11.2892 11.075 10.7669 9.35202 10.9812 10.6334 10.6896 9.06868 9.87611 9.42164 8.17251 7.79966 8.34805 7.00757 5.85457 7.08872 6.95487 7.52372 6.92907 5.28887 7.05155 4.57614 5.61606 4.41724 4.6183 4.96004 3.20367 4.66558 4.0488 3.14663 3.8267 3.02644 2.16556 1.54806 1.7536 1.7715 1.20882 0.680994 1.02334 0.375256 0.81902 0.181752 0.18737 
	20.8492 21.641 18.4911 18.345 19.9773 19.8271 20.0926 20.5972 20.6465 21.0516 17.363 15.488 19.7515 20.0766 19.5165 17.8372 20.2178 13.9073 18.0243 18.9238 18.8856 18.8505 18.9071 20.0556 24.8093 19.5282 18.4834 17.0319 18.0781 18.9023 16.1938 18.2956 15.8137 18.9737 17.1013 17.7578 16.8963 14.1762 14.6087 16.9356 15.0439 15.2259 14.9996 11.9565 13.2811 10.8392 13.3614 13.6656 12.3774 11.1532 13.4772 10.2159 10.316 10.7587 11.7264 13.3458 10.9057 9.77273 9.98453 9.35688 8.28831 9.32744 9.97397 10.2185 9.52753 8.89633 9.63932 8.9866 7.4321 8.02459 7.10849 6.0857 7.08438 8.03807 7.40097 8.2578 5.80624 7.03095 5.48882 6.15252 4.67822 5.39444 5.75288 3.56214 4.86643 5.2871 3.6025 4.39272 3.09261 2.52602 1.68513 1.91163 2.33786 1.17043 0.902219 1.39606 0.649266 1.20579 0.30849 0.619583 
	18.5062 20.7196 19.0905 16.9607 21.6977 19.2396 18.9103 19.821 20.7457 19.6102 16.0867 16.8439 20.0848 18.6328 17.9624 17.4216 19.4747 14.3788 17.8851 18.433 17.8181 18.7118 18.5087 19.4195 19.5282 25.1491 19.77 16.7541 17.9851 18.4272 16.0506 18.9366 15.0583 18.4405 16.4182 17.2584 17.1441 10.8573 14.3764 16.1063 13.6049 14.3165 13.0648 11.8526 13.5621 11.2601 12.9326 13.3496 11.4271 11.5657 13.788 11.0802 11.6482 10.4268 12.595 12.335 12.2098 9.30735 10.1258 9.8713 8.71469 8.86083 9.86573 10.1607 8.96633 9.35645 9.14228 8.05989 6.58082 7.69214 6.92326 5.73799 6.49048 6.96484 6.65652 6.63027 4.94191 6.05513 4.98566 5.2581 5.13173 4.27273 4.54587 3.78856 3.96543 4.30808 2.74858 3.66606 2.35085 2.45453 1.68004 1.77495 2.17624 0.82605 0.580725 1.27575 0.530616 0.476492 0.0914373 0.200439 
	19.4794 19.3217 21.0236 15.7152 21.4385 20.1525 18.2788 21.0287 21.533 19.6027 17.7045 17.8935 21.3684 19.4723 18.1926 19.4102 19.4809 14.2299 17.0837 19.6078 18.2443 17.5023 19.603 19.3543 18.4834 19.77 26.0582 19.3287 18.5601 20.6845 16.1388 19.9612 16.4435 19.0651 17.5851 16.6518 16.5872 14.3447 14.3084 16.6818 14.9457 14.8113 13.4265 12.0823 14.1347 11.8302 13.83 14.6031 13.7507 11.2702 13.6316 12.8136 12.135 11.9311 11.9859 11.958 12.6231 10.7478 10.0818 10.6421 9.7956 9.87812 9.75239 11.0149 10.4507 11.0043 10.5777 8.94969 8.70307 9.29087 7.5279 6.35522 7.67565 7.49447 7.45939 6.88987 5.98918 6.6908 5.76634 6.40481 6.30517 5.26172 6.17947 4.45222 5.23308 4.72326 3.3178 4.01403 2.91185 2.6505 2.3112 2.56567 2.89034 1.55331 0.948874 1.7731 0.689834 1.02391 0.219295 0.318749 
	17.8763 17.597 19.4961 15.7106 19.9119 18.8659 17.3657 18.2954 19.6166 19.8944 15.8018 17.4434 19.9842 16.2425 17.304 16.4161 17.2016 12.4313 16.5708 18.2558 17.4047 16.9782 15.9455 18.436 17.0319 16.7541 19.3287 22.6541 18.2102 17.548 14.7368 19.6326 15.2326 16.4249 16.445 16.828 15.6659 13.563 12.1259 15.2617 14.4336 15.1914 13.2705 11.9389 14.4083 11.4257 12.9244 14.2239 13.3263 11.5067 11.5606 11.5237 12.4203 11.1196 10.7924 11.647 11.3028 10.7974 10.0667 10.8107 9.11736 9.73739 9.23673 10.1952 9.9911 8.70058 9.00525 8.13582 8.65457 7.33342 5.74253 5.2958 6.32744 5.8022 7.08391 6.03732 5.29828 5.98686 4.59726 5.81761 5.18313 5.20068 4.97732 3.96948 4.67902 4.21664 3.11249 3.7677 3.06688 2.84246 2.08878 2.762 2.86223 1.36407 1.2138 1.25028 0.665211 1.45955 0.349516 0.676672 
	16.9775 18.3574 18.6804 16.2823 21.205 18.3262 16.5561 19.6922 20.8867 20.2299 16.0219 14.4745 19.6249 16.8969 17.9146 17.5911 17.1758 13.6185 17.7004 17.5203 16.5749 16.3449 17.5959 19.0884 18.0781 17.9851 18.5601 18.2102 23.791 18.308 15.818 18.6693 15.2423 17.8393 17.2777 16.9448 17.4282 12.8317 14.0537 17.6186 16.1931 14.8965 14.8211 13.144 13.9799 10.5529 13.9632 15.0738 12.3805 11.2827 12.6893 11.0265 12.4133 12.0585 12.0204 12.9962 11.412 10.1463 10.0121 10.344 9.39247 10.0996 10.2993 10.9651 9.27335 9.10371 8.96892 7.95994 7.64083 7.31866 6.86013 5.4324 7.06457 6.26729 7.24648 6.35032 5.10563 5.86104 4.32228 4.85254 4.7971 4.06298 3.91901 3.85793 4.42071 3.47925 2.25875 3.26657 1.83187 2.02164 1.35191 1.38971 1.32247 0.48659 0.333321 0.742859 0.334331 0.341966 0.064284 0.107202 
	19.7739 18.5403 19.571 17.3342 20.8327 18.6925 18.3575 20.3945 21.2031 20.264 17.5848 16.5607 19.7814 17.9387 17.932 17.6235 19.1283 13.4928 16.3585 18.6504 18.6514 16.703 18.5263 19.258 18.9023 18.4272 20.6845 17.548 18.308 23.8564 17.3495 18.7619 15.9606 18.0596 17.0231 17.5314 17.9577 14.2501 13.9576 16.4254 14.3771 14.4436 13.6133 12.5425 14.834 11.4238 14.0469 14.3225 13.4655 12.3639 14.3029 12.8169 13.6335 11.8988 13.0418 13.8773 11.9905 11.6668 10.5901 10.4842 9.32874 9.96957 11.1946 11.4109 9.99837 10.9516 9.81605 8.31622 8.24585 9.27962 8.0507 7.06925 7.3323 7.742 7.8747 7.93955 6.40031 7.70052 6.03388 7.20865 5.35202 5.34153 6.0914 3.82558 5.58724 4.79559 4.03954 4.24409 3.82573 2.96824 2.34921 2.66409 2.85302 1.84068 1.09516 1.67478 0.589609 1.50501 0.379167 0.632094 
	15.2342 15.8149 15.9274 15.0103 18.2661 14.9676 15.504 16.4223 16.7886 18.1588 14.8901 14.0963 15.8726 16.2312 14.5938 14.1906 15.656 12.139 14.1477 14.5262 15.4408 13.9841 14.9063 15.3083 16.1938 16.0506 16.1388 14.7368 15.818 17.3495 19.9163 16.5538 13.023 17.0805 15.2094 15.5768 16.0903 12.0646 12.6132 14.7268 12.8206 12.2648 11.4905 12.2595 11.1483 8.95002 10.9791 11.6939 9.86615 9.19714 12.2945 11.2301 10.6209 8.92505 10.1025 10.5282 9.17293 8.46107 8.83269 8.28321 9.04828 9.17802 9.30061 9.01463 8.28278 8.48016 7.65815 7.06008 7.59193 7.2471 6.67173 5.17944 5.62388 7.10314 6.39822 6.99477 4.90858 5.52134 4.3674 4.35802 3.67812 3.85215 3.92169 2.64929 3.57825 3.84558 2.26882 2.87777 2.23317 1.57399 0.919598 1.08307 1.44446 0.694687 0.528963 0.855533 0.364658 0.712207 0.152352 0.303929 
	19.1027 20.2283 18.5777 16.8217 21.5634 19.2721 17.8989 19.1709 20.7247 20.7562 16.5781 17.3668 20.0801 18.0893 17.4648 16.5906 19.057 13.8147 16.1297 19.2791 18.9431 19.446 17.5795 19.2297 18.2956 18.9366 19.9612 19.6326 18.6693 18.7619 16.5538 25.4427 17.8623 19.0883 19.1568 17.9036 17.9084 13.9783 14.5914 17.8905 16.4781 17.2601 15.3198 14.3719 16.6293 11.6787 14.3524 16.7968 14.6314 11.8517 15.0338 12.2378 12.9625 13.6871 12.3694 13.4818 11.578 10.6872 11.3596 10.691 9.82241 9.93705 10.3875 10.998 9.34715 9.06241 9.8113 7.7823 7.91233 8.62357 8.20363 6.03899 7.00337 7.79633 8.29594 7.95166 6.31481 7.98785 5.8282 6.53752 5.45733 5.45021 5.63736 4.60419 5.92525 5.44144 3.92303 4.85292 2.92775 3.33478 2.27807 2.80879 2.92122 1.15329 0.952734 1.40267 0.719242 1.09386 0.175278 0.235062 
	15.6381 16.4969 15.6271 14.8748 17.371 15.6745 15.1902 17.0566 16.3325 17.2259 14.2689 13.7805 16.5723 15.5263 14.7174 14.6214 16.3945 10.3752 13.4044 16.027 15.0231 14.9139 14.9896 16.6538 15.8137 15.0583 16.4435 15.2326 15.2423 15.9606 13.023 17.8623 20.1426 16.4182 15.5762 14.4062 14.147 12.1715 12.2721 15.9542 13.4153 14.44 12.2401 10.2758 12.3032 10.5607 12.2746 11.7148 11.1694 8.93878 10.914 9.43619 10.5039 9.68361 9.52312 10.221 8.78542 8.84221 8.51448 9.06161 6.83976 8.06439 8.03623 9.03163 6.99333 7.94981 7.10719 6.70027 6.94915 6.75403 7.05906 4.40285 6.82766 5.95285 6.41446 6.88309 4.83042 6.90839 5.04814 5.66041 4.58217 4.26796 5.25043 3.50059 4.71398 4.42182 4.19353 4.56904 2.57978 2.36946 1.94091 2.13364 2.00437 1.06331 0.816193 1.2848 0.653767 1.07424 0.26091 0.448414 
	17.6815 18.0172 17.2154 15.7592 18.7361 17.57 16.7466 19.4495 18.3378 19.3248 16.314 14.4075 17.9601 17.9709 18.764 16.4095 18.0071 14.121 16.8486 16.882 16.8492 15.5184 18.1077 18.379 18.9737 18.4405 19.0651 16.4249 17.8393 18.0596 17.0805 19.0883 16.4182 24.1395 17.6629 18.6467 17.3552 13.8176 12.9798 18.6412 16.3404 16.1849 15.181 13.4251 14.7637 12.327 14.3595 14.6447 12.7294 11.4648 14.2801 12.3743 11.924 11.1858 12.374 13.6515 11.5278 10.8397 9.97152 10.0814 9.32493 9.81152 10.6812 10.8475 9.32701 10.6849 10.509 8.99574 7.11082 8.68364 7.93908 6.13849 7.23668 8.64175 8.47674 8.19478 5.85939 7.11743 5.83646 6.2016 4.64191 5.58685 6.00168 3.7088 5.62568 5.68996 3.82127 4.73024 3.08867 2.18699 1.55893 1.51602 1.98219 1.22362 0.776474 1.24892 0.556986 1.20663 0.254075 0.326513 
	17.3731 18.563 18.1588 15.7307 18.9246 17.8584 16.127 16.3918 17.5096 18.8442 14.755 14.9205 18.0925 16.2944 15.8754 15.241 17.7299 12.2302 15.4323 17.1258 15.7142 15.0826 15.7167 16.7851 17.1013 16.4182 17.5851 16.445 17.2777 17.0231 15.2094 19.1568 15.5762 17.6629 22.1856 17.7754 16.6269 12.4076 13.2836 15.4799 13.6108 15.1826 13.0726 12.037 14.3749 10.6788 12.8364 14.4351 11.8861 9.39583 12.5704 11.2975 11.2449 10.6464 10.2281 10.9268 8.91779 8.40306 9.68033 8.35671 7.33982 8.72588 8.54336 8.48691 8.13548 7.49985 7.36471 6.60444 6.65882 6.08939 6.2704 5.00163 5.34109 5.27173 6.19299 6.4539 5.45352 5.86728 5.34347 6.21372 4.97551 5.09035 5.45738 3.77296 6.14844 5.11619 3.88187 4.78903 3.31295 3.20991 2.35038 2.5854 2.90684 1.46452 0.955092 1.69181 0.792978 1.57296 0.29436 0.352552 
	17.887 17.7499 18.0275 15.758 18.493 18.957 17.503 17.7511 16.7271 19.5005 15.5585 14.595 18.3064 16.2748 17.2977 15.5684 17.8286 12.3675 15.7552 16.7192 15.2242 15.8925 16.4261 17.1161 17.7578 17.2584 16.6518 16.828 16.9448 17.5314 15.5768 17.9036 14.4062 18.6467 17.7754 22.329 18.6056 13.2324 13.1046 16.832 15.045 15.6849 14.1546 11.5518 14.688 11.3017 14.4043 14.8065 12.9246 11.7272 13.847 12.3931 13.2766 11.2958 12.1974 12.5032 10.8496 11.0159 11.5316 9.96976 9.85407 10.1254 10.031 10.5497 9.90003 9.44714 8.77404 8.46299 8.26126 7.64917 6.85713 6.01559 6.14743 6.71707 6.73943 6.82986 6.26708 5.97727 4.7108 5.78967 4.74533 5.35603 5.39738 4.07191 5.31745 4.74418 3.8179 4.17524 3.84007 3.13925 1.92746 2.68562 2.25369 0.98527 0.864011 0.932737 0.451169 1.07235 0.254524 0.534063 
	17.3174 16.7053 18.3593 14.9482 20.2572 17.2951 17.934 17.9754 18.0927 18.711 15.8608 13.7772 18.6341 17.398 16.6085 14.6634 18.8441 13.7048 15.2771 16.2515 14.778 15.905 16.36 17.4277 16.8963 17.1441 16.5872 15.6659 17.4282 17.9577 16.0903 17.9084 14.147 17.3552 16.6269 18.6056 23.1159 13.0286 14.4374 17.6829 14.3553 14.8719 13.8694 13.1019 13.6236 12.5413 14.5043 14.8537 12.5963 12.6933 14.6088 12.9047 13.0116 11.9784 13.3351 14.0745 11.6561 9.18811 9.59102 10.4418 9.92714 10.3664 10.9491 10.6666 10.3792 9.4886 9.7853 8.75233 8.28867 8.29883 7.1218 5.5076 7.34971 7.13719 6.74133 6.86049 5.06862 6.97833 5.31377 5.79898 5.22224 4.42173 4.92217 4.301 4.47916 4.37347 3.13337 4.19337 2.76867 2.81733 2.04901 2.66215 2.8489 1.16965 1.02629 1.22471 0.491536 0.862577 0.236088 0.634239 
	13.2866 13.5813 14.1804 11.5513 14.7331 13.6296 14.3399 14.6711 12.6343 14.2889 13.3199 12.5003 14.1582 13.3161 12.7447 12.3041 13.8845 8.55276 12.255 13.5597 11.6952 11.8706 13.0676 13.6496 14.1762 10.8573 14.3447 13.563 12.8317 14.2501 12.0646 13.9783 12.1715 13.8176 12.4076 13.2324 13.0286 16.4205 11.0446 14.0056 12.2988 12.3291 12.1723 11.1829 11.7223 9.65323 10.9797 11.953 11.1561 9.63559 10.0191 8.99399 10.6577 9.40285 9.94907 10.3761 9.59385 9.12836 9.27549 9.17462 7.39313 8.14565 7.97295 9.16175 9.45908 8.23557 8.79186 8.41703 8.90729 6.8889 6.29083 4.90078 6.51426 5.45823 6.00851 6.69363 4.3444 5.9118 4.37739 5.83158 4.02498 4.52589 5.22335 2.48844 4.08746 4.50405 2.98617 3.36733 1.95515 1.89087 1.67828 1.80655 2.30285 1.23601 0.817823 1.40352 0.543002 1.11211 0.336624 0.73153 
	12.7417 15.0107 14.3494 13.0661 15.8251 13.777 14.0399 14.1505 14.969 15.5551 13.242 10.9484 15.2177 13.6157 12.8157 11.729 14.629 9.46772 12.0553 13.6141 11.265 12.7106 13.9462 14.2034 14.6087 14.3764 14.3084 12.1259 14.0537 13.9576 12.6132 14.5914 12.2721 12.9798 13.2836 13.1046 14.4374 11.0446 16.5837 14.943 12.1974 13.0853 12.409 11.4346 11.0496 9.71921 12.0173 12.1413 11.2332 9.35043 11.3107 10.0326 10.8317 9.89729 9.78458 10.5684 9.69768 8.07649 8.45298 8.89403 8.26759 8.88929 8.52601 9.85509 8.23985 7.53797 8.33343 6.87478 7.22245 7.45768 6.65029 5.29653 6.70319 6.00809 6.85628 6.07793 5.00579 6.15891 3.86181 4.17815 3.91634 3.52865 3.62584 3.31223 3.27497 3.52795 2.01399 2.85968 2.11337 2.32365 1.4532 1.95164 1.76104 0.603589 0.492507 0.767412 0.347696 0.473359 0.111579 0.25874 
	16.1863 17.1191 14.6441 15.0622 19.1068 16.2246 16.913 17.5494 17.0596 18.0354 16.6743 12.5116 17.087 16.269 16.5622 13.2919 16.0838 11.7833 14.8973 17.3562 14.4336 14.6333 18.3438 17.0797 16.9356 16.1063 16.6818 15.2617 17.6186 16.4254 14.7268 17.8905 15.9542 18.6412 15.4799 16.832 17.6829 14.0056 14.943 23.6603 17.6774 15.1686 15.0718 14.5269 13.9396 11.9506 14.2739 15.081 13.1668 10.2523 13.3792 11.9942 11.7152 11.8628 12.0089 12.8468 10.5515 9.76853 9.52862 10.7953 8.88378 9.86459 9.16217 10.41 8.96696 9.22232 9.09455 7.55821 6.8754 7.78173 6.90993 4.49916 7.82485 6.65615 6.3216 6.22476 5.13352 6.64801 3.86071 5.43067 4.05657 3.45022 4.38901 3.39168 3.87536 3.71637 2.64819 3.24598 1.45775 1.81576 1.53586 1.63884 1.57243 0.752964 0.151699 0.684482 0.0814588 0.300693 0.0599824 0.0150181 
	14.8168 14.4701 12.7432 12.455 17.1619 14.0339 14.7554 15.5624 14.9237 15.2798 14.6653 11.4472 14.2841 14.1913 13.9714 12.9867 13.9107 10.535 12.7125 13.9284 13.4626 13.553 15.1815 14.7226 15.0439 13.6049 14.9457 14.4336 16.1931 14.3771 12.8206 16.4781 13.4153 16.3404 13.6108 15.045 14.3553 12.2988 12.1974 17.6774 19.7066 12.8828 14.1229 12.861 12.7851 9.30854 12.1471 14.0507 12.3293 10.5614 12.6828 10.385 10.7916 11.8592 10.5927 11.8354 9.68731 9.05675 9.33258 9.57548 8.52606 9.27592 8.75588 10.0976 8.12397 7.64684 7.91738 6.6039 6.87111 6.90262 6.22135 5.00263 6.66101 6.03177 6.44222 6.61128 5.02875 6.41543 4.25964 4.74812 3.98127 3.51938 4.04466 3.57043 3.30552 3.84451 2.93569 3.17947 2.32701 2.15687 1.74391 2.1587 2.02117 1.04878 0.653483 0.922098 0.350197 1.03035 0.269313 0.491892 
	15.0945 16.3716 15.3253 14.3381 16.4072 15.216 14.6569 17.0836 15.8236 17.8444 13.6662 13.5955 15.4036 13.6676 14.714 12.7016 16.0685 10.8853 13.6355 16.2744 13.4421 14.1779 15.1011 16.7632 15.2259 14.3165 14.8113 15.1914 14.8965 14.4436 12.2648 17.2601 14.44 16.1849 15.1826 15.6849 14.8719 12.3291 13.0853 15.1686 12.8828 20.3219 15.1814 11.6323 15.3388 12.4272 14.1205 13.9752 13.3481 11.8695 12.6069 11.6233 12.7485 10.783 9.88453 11.3068 10.0989 10.1026 8.66145 8.77766 9.29931 10.5826 9.82125 10.8671 9.358 8.90068 9.17054 6.88878 7.79925 8.28252 6.53497 5.39319 7.1732 6.44936 7.01783 6.32529 5.43912 6.8456 5.19471 5.82171 4.73491 5.21314 5.74709 4.52082 5.46975 5.11976 4.0609 4.59614 3.67154 2.91132 2.0743 2.7001 2.27023 1.166 1.09096 0.922665 0.44222 1.2658 0.375056 0.882026 
	13.4585 13.8055 12.7945 12.1425 15.8714 14.0538 13.9317 14.9978 14.1317 16.2916 14.1609 12.0203 14.7054 13.5753 13.9177 12.8779 13.6714 11.5727 11.4025 14.4973 12.8097 13.7278 13.7784 14.6278 14.9996 13.0648 13.4265 13.2705 14.8211 13.6133 11.4905 15.3198 12.2401 15.181 13.0726 14.1546 13.8694 12.1723 12.409 15.0718 14.1229 15.1814 18.0696 12.4087 13.585 10.5678 13.3106 13.2813 11.9352 10.4997 12.6442 10.3519 11.205 11.7117 10.6422 12.2618 10.806 9.90666 9.43388 9.20189 8.70317 9.57976 9.46681 10.3781 9.02427 8.56734 9.98293 8.38901 7.45017 8.37064 6.67359 6.19673 7.22224 7.08817 7.3014 6.88008 5.19973 6.80212 4.14284 5.25548 3.78923 4.65793 4.66026 3.35897 4.31037 4.74976 3.37177 3.92376 3.13828 2.97464 1.83547 2.42313 2.21212 0.953322 0.827321 0.900539 0.428019 1.29413 0.374753 0.859971 
	11.9603 12.3275 11.7747 11.4604 15.7412 11.1618 12.5174 13.3292 13.6467 14.3101 13.0794 11.4442 12.5625 11.5762 12.4376 11.2646 12.3818 10.0491 11.3921 11.9659 12.2205 11.7089 12.9355 13.3634 11.9565 11.8526 12.0823 11.9389 13.144 12.5425 12.2595 14.3719 10.2758 13.4251 12.037 11.5518 13.1019 11.1829 11.4346 14.5269 12.861 11.6323 12.4087 15.3167 12.919 9.5389 10.8712 13.8361 11.6044 9.30775 11.781 11.1036 10.6367 11.7417 10.9807 12.0501 11.2539 9.78005 8.95322 9.81706 9.15513 9.91303 9.44739 10.1115 8.73591 8.59337 8.47152 7.04778 7.15975 7.66507 6.69956 5.59268 6.42485 6.47627 6.63942 6.84399 5.09491 6.56164 4.09704 5.77441 4.14299 4.26138 4.50877 2.77718 4.39375 4.36684 2.49134 3.18902 1.98103 2.44085 1.62006 1.87428 2.43856 1.01949 0.677849 1.29286 0.551394 0.942981 0.167679 0.249133 
	15.6682 14.8373 14.7739 12.3716 16.4587 15.0311 14.7483 14.3993 14.9263 15.9383 13.1106 14.2669 15.1654 12.1879 14.6028 13.4008 15.2681 10.2164 12.6357 13.6819 13.5614 14.0987 13.1314 15.089 13.2811 13.5621 14.1347 14.4083 13.9799 14.834 11.1483 16.6293 12.3032 14.7637 14.3749 14.688 13.6236 11.7223 11.0496 13.9396 12.7851 15.3388 13.585 12.919 19.5559 11.3926 12.8935 14.9617 15.0924 11.857 12.9466 12.3062 13.2576 12.5906 11.7077 13.1347 12.4981 11.1186 10.2667 11.4457 8.79251 9.56442 11.5729 11.0188 9.5907 10.5986 9.31585 7.89252 8.17876 9.03588 8.08719 7.39054 7.86649 7.57492 8.9214 8.03088 6.78594 8.18844 5.97081 7.91742 5.69465 5.94244 6.24331 4.80302 6.92436 5.71335 4.81071 5.43146 4.19513 4.34645 2.89543 3.58371 3.65106 1.72564 1.39203 1.75164 0.88141 1.7952 0.385798 0.651908 
	11.3313 11.1763 11.3468 9.14082 14.0919 12.3551 12.0011 11.9526 11.4779 12.9527 10.9437 10.1007 12.1939 11.004 11.9279 9.34805 11.6749 8.31227 9.91859 10.2134 9.78775 10.8807 10.9972 12.4031 10.8392 11.2601 11.8302 11.4257 10.5529 11.4238 8.95002 11.6787 10.5607 12.327 10.6788 11.3017 12.5413 9.65323 9.71921 11.9506 9.30854 12.4272 10.5678 9.5389 11.3926 13.6697 10.3735 10.9688 10.1205 9.15778 10.0808 9.56808 10.1912 8.80026 10.3059 10.4184 9.09356 8.09761 8.70126 9.39875 6.93471 8.40005 8.22925 8.35768 8.25806 7.61575 7.67991 7.1768 7.34723 6.72331 5.90155 3.98344 6.84705 4.92669 6.1848 4.83739 3.56241 5.23938 4.983 4.64555 3.98732 3.91241 4.61133 3.13869 3.79587 3.86858 2.95246 4.18765 2.81548 2.04687 1.89745 2.14702 2.36771 1.4703 1.04269 1.1635 0.533374 1.37721 0.3706 0.636339 
	13.9546 13.2432 14.2772 12.905 15.3898 13.4461 14.4289 15.226 13.3202 14.7605 11.7657 11.5263 15.2288 12.0048 13.1669 13.0576 15.2645 10.7487 12.3776 13.1825 12.5166 13.1008 14.0106 14.6436 13.3614 12.9326 13.83 12.9244 13.9632 14.0469 10.9791 14.3524 12.2746 14.3595 12.8364 14.4043 14.5043 10.9797 12.0173 14.2739 12.1471 14.1205 13.3106 10.8712 12.8935 10.3735 17.6598 13.0829 12.2355 11.2387 12.5483 10.9383 12.2822 11.0514 11.1751 12.3063 9.98151 9.71731 9.6976 9.79008 7.94043 10.3134 9.83647 9.40398 10.0817 9.9167 9.91953 8.90829 8.23094 8.00065 6.44262 5.63102 7.2706 6.53715 7.20621 6.99073 6.36325 7.49244 4.23922 6.05371 5.10576 5.71626 5.95122 5.0129 5.68782 5.3225 3.77409 4.79253 3.40491 3.01868 1.79022 2.58746 2.04714 1.00082 0.669691 0.628533 0.249397 0.593225 0.124807 0.129886 
	14.0117 14.1744 14.6649 13.3546 16.819 14.4348 14.9767 15.3947 14.4212 15.2286 13.3529 13.8314 14.5497 12.169 13.1231 13.7571 15.3215 10.9353 12.3998 12.6682 12.8958 14.0656 14.4473 15.5521 13.6656 13.3496 14.6031 14.2239 15.0738 14.3225 11.6939 16.7968 11.7148 14.6447 14.4351 14.8065 14.8537 11.953 12.1413 15.081 14.0507 13.9752 13.2813 13.8361 14.9617 10.9688 13.0829 19.4401 14.4249 10.3639 13.7125 13.4669 12.9284 13.4855 12.2036 13.1478 11.5885 10.8662 10.1508 10.058 9.46706 10.2308 9.96412 10.5972 8.52465 8.65186 8.64222 7.9408 7.5929 7.83869 6.34593 5.93362 6.38741 6.6741 7.58373 7.2984 5.5495 6.90323 4.29145 6.2182 5.06758 5.1566 4.43789 3.15875 4.23007 3.68621 2.63176 2.84082 1.63733 2.21003 1.65235 1.90493 2.5014 1.16184 0.891613 1.42588 0.784522 1.19897 0.179985 0.112984 
	13.8634 13.1443 13.8137 11.7947 15.0788 13.5931 13.2502 13.1243 12.8912 13.5919 11.2576 12.2565 13.4841 10.8634 12.8446 12.5308 14.0801 9.25218 10.4328 11.1562 12.2683 12.5886 12.029 13.8195 12.3774 11.4271 13.7507 13.3263 12.3805 13.4655 9.86615 14.6314 11.1694 12.7294 11.8861 12.9246 12.5963 11.1561 11.2332 13.1668 12.3293 13.3481 11.9352 11.6044 15.0924 10.1205 12.2355 14.4249 17.0616 10.9396 12.6528 11.6129 11.4453 12.1782 10.5465 11.9725 11.379 9.81286 9.19236 10.8173 8.78421 8.95927 9.03574 10.6908 9.51974 8.83557 9.19427 7.79133 8.07388 8.62301 7.45291 5.99868 7.37195 7.20571 8.09351 6.97312 6.85122 6.70161 4.9844 6.64165 4.69513 4.46608 5.71769 3.67146 5.68474 3.90056 3.17315 4.03399 3.24976 3.34193 2.33999 3.0421 3.19903 1.55694 1.12392 1.81596 0.849005 1.01581 0.142617 0.0725817 
